Date,High,Low,Open,Close,Volume,Adj Close
1999-12-31,43.469825744628906,42.329795837402344,43.37069320678711,42.7263298034668,512400.0,27.266056060791016
2000-01-03,42.77589416503906,41.18976593017578,42.42892837524414,41.23933410644531,2698800.0,26.317119598388672
2000-01-04,42.03239822387695,40.84280014038086,40.941932678222656,41.23933410644531,3141100.0,26.317119598388672
2000-01-05,41.18976593017578,40.04973602294922,41.18976593017578,40.84280014038086,3008700.0,26.064075469970703
2000-01-06,41.98283004760742,40.69409942626953,41.140201568603516,41.388031005859375,2121700.0,26.412015914916992
2000-01-07,42.676761627197266,41.6358642578125,42.329795837402344,42.329795837402344,1892300.0,27.013011932373047
2000-01-10,43.420257568359375,41.933265686035156,42.03239822387695,43.37069320678711,1722100.0,27.677255630493164
2000-01-11,43.122859954833984,42.28022766113281,42.92459487915039,42.52806091308594,1087800.0,27.139541625976562
2000-01-12,42.7263298034668,41.834129333496094,42.52806091308594,42.13153076171875,1108900.0,26.886474609375
2000-01-13,42.13153076171875,41.586299896240234,42.13153076171875,41.883697509765625,1314600.0,26.728334426879883
2000-01-14,41.933265686035156,40.44626998901367,41.140201568603516,41.437599182128906,2138400.0,26.443647384643555
2000-01-18,41.28889846801758,38.909706115722656,41.04106521606445,39.058406829833984,2826300.0,24.925357818603516
2000-01-19,43.22199249267578,39.10797119140625,39.15753936767578,42.87502670288086,4264400.0,27.3609619140625
2000-01-20,42.825462341308594,39.95060348510742,42.329795837402344,40.297569274902344,3220100.0,25.71612548828125
2000-01-21,40.89236831665039,39.65320587158203,40.89236831665039,40.09930419921875,2826200.0,25.58961296081543
2000-01-24,40.44626998901367,39.45493698120117,40.44626998901367,39.65320587158203,2919400.0,25.304927825927734
2000-01-25,40.69409942626953,39.801902770996094,40.04973602294922,40.49583435058594,2439700.0,25.842662811279297
2000-01-26,41.140201568603516,39.7027702331543,41.140201568603516,40.44626998901367,1759200.0,25.811033248901367
2000-01-27,40.99150085449219,37.72011184692383,40.644535064697266,39.801902770996094,2568300.0,25.399826049804688
2000-01-28,39.65320587158203,38.265342712402344,39.6036376953125,38.81057357788086,1732000.0,24.767200469970703
2000-01-31,38.81057357788086,37.12531280517578,38.81057357788086,37.62097930908203,2152200.0,24.008054733276367
2000-02-01,38.562740325927734,37.026180267333984,37.6705436706543,38.21577453613281,1747400.0,24.38762664794922
2000-02-02,38.265342712402344,35.09308624267578,38.265342712402344,36.13398361206055,2998300.0,23.05911636352539
2000-02-03,38.86014175415039,36.33224868774414,36.48094940185547,38.562740325927734,3202200.0,24.60904312133789
2000-02-04,39.058406829833984,37.96794509887695,38.51317596435547,38.06707763671875,1296600.0,24.2927303314209
2000-02-07,38.265342712402344,36.877479553222656,38.06707763671875,36.877479553222656,1554500.0,23.533588409423828
2000-02-08,37.27401351928711,36.48094940185547,37.27401351928711,36.92704772949219,2684800.0,23.56521224975586
2000-02-09,37.22444534301758,35.5391845703125,36.92704772949219,35.68788528442383,2266800.0,22.77444839477539
2000-02-10,37.96794509887695,35.737449645996094,35.83658218383789,37.5714111328125,2229900.0,23.976423263549805
2000-02-11,37.27401351928711,36.084415435791016,37.27401351928711,36.33224868774414,1208200.0,23.185644149780273
2000-02-14,37.86880874633789,36.18354797363281,36.43138122558594,36.72877883911133,1729900.0,23.43868637084961
2000-02-15,37.27401351928711,36.03485107421875,36.92704772949219,36.530513763427734,2317000.0,23.312170028686523
2000-02-16,36.72877883911133,36.084415435791016,36.67921447753906,36.28268051147461,2399100.0,23.15400505065918
2000-02-17,36.530513763427734,35.737449645996094,36.43138122558594,36.03485107421875,1387600.0,22.995849609375
2000-02-18,36.13398361206055,34.59741973876953,36.03485107421875,35.291351318359375,1585800.0,22.521392822265625
2000-02-22,35.340919494628906,31.722562789916992,35.291351318359375,33.20956039428711,4049700.0,21.19288444519043
2000-02-23,35.24178695678711,33.15999221801758,33.259124755859375,34.44872283935547,2999600.0,21.98365592956543
2000-02-24,35.737449645996094,34.94438552856445,35.19221878051758,35.39048385620117,2610800.0,22.58464241027832
2000-02-25,35.737449645996094,34.052188873291016,35.39048385620117,34.052188873291016,2241600.0,21.730606079101562
2000-02-28,35.68788528442383,33.90348815917969,34.00262451171875,35.291351318359375,2535600.0,22.521392822265625
2000-02-29,35.93571853637695,34.25045394897461,35.58875274658203,34.547855377197266,2114000.0,22.04692268371582
2000-03-01,35.6383171081543,34.547855377197266,34.547855377197266,35.09308624267578,1471500.0,22.39486312866211
2000-03-02,35.14265441894531,34.30002212524414,35.04351806640625,34.30002212524414,1323400.0,21.88876724243164
2000-03-03,35.291351318359375,33.705223083496094,33.705223083496094,34.25045394897461,2809400.0,21.857135772705078
2000-03-06,35.19221878051758,34.25045394897461,34.25045394897461,34.845252990722656,2528900.0,22.2367000579834
2000-03-07,35.58875274658203,34.44872283935547,34.89482116699219,34.498287200927734,2734600.0,22.015295028686523
2000-03-08,34.993953704833984,34.30002212524414,34.39915466308594,34.30002212524414,2231500.0,21.944427490234375
2000-03-09,34.993953704833984,34.200889587402344,34.30002212524414,34.89482116699219,3092700.0,22.32496452331543
2000-03-10,35.48961639404297,34.59741973876953,34.94438552856445,34.993953704833984,2254000.0,22.388385772705078
2000-03-13,35.98528289794922,34.74612045288086,34.89482116699219,35.737449645996094,1792800.0,22.864057540893555
2000-03-14,38.06707763671875,36.67921447753906,38.06707763671875,37.4722785949707,2700300.0,23.973966598510742
2000-03-15,39.25667190551758,37.42271041870117,37.4722785949707,38.95927429199219,4394300.0,24.925312042236328
2000-03-16,43.965492248535156,39.65320587158203,39.65320587158203,43.420257568359375,6838200.0,27.77935218811035
2000-03-17,43.420257568359375,42.03239822387695,43.420257568359375,42.825462341308594,3553600.0,27.398818969726562
2000-03-20,42.57762908935547,40.644535064697266,42.42892837524414,41.437599182128906,2472100.0,26.510883331298828
2000-03-21,42.03239822387695,40.54540252685547,40.54540252685547,41.6358642578125,2277000.0,26.637744903564453
2000-03-22,41.6358642578125,39.90103530883789,41.04106521606445,40.74366760253906,2591700.0,26.06692886352539
2000-03-23,41.18976593017578,39.95060348510742,39.95060348510742,40.793235778808594,2529000.0,26.098644256591797
2000-03-24,41.98283004760742,40.44626998901367,40.44626998901367,41.23933410644531,2204400.0,26.384037017822266
2000-03-27,42.42892837524414,41.04106521606445,41.04106521606445,41.18976593017578,2425500.0,26.352327346801758
2000-03-28,41.388031005859375,38.41404342651367,41.18976593017578,38.41404342651367,2987400.0,24.576486587524414
2000-03-29,39.45493698120117,37.27401351928711,38.95927429199219,37.769676208496094,2327200.0,24.164230346679688
2000-03-30,39.20710754394531,37.323577880859375,38.265342712402344,37.62097930908203,2316100.0,24.06910514831543
2000-03-31,39.00883865356445,37.5714111328125,37.62097930908203,38.265342712402344,3128700.0,24.481361389160156
2000-04-03,41.090633392333984,39.15753936767578,39.45493698120117,39.65320587158203,2632500.0,25.36927604675293
2000-04-04,42.13153076171875,39.25667190551758,40.39670181274414,40.44626998901367,3093900.0,25.876665115356445
2000-04-05,41.18976593017578,38.41404342651367,41.18976593017578,39.801902770996094,3224200.0,25.464418411254883
2000-04-06,41.933265686035156,39.95060348510742,40.00017166137695,41.586299896240234,1799200.0,26.606021881103516
2000-04-07,41.933265686035156,41.04106521606445,41.7349967956543,41.33846664428711,1735900.0,26.44747543334961
2000-04-10,41.933265686035156,40.148868560791016,41.933265686035156,41.090633392333984,1938800.0,26.288909912109375
2000-04-11,41.437599182128906,40.347137451171875,41.090633392333984,40.44626998901367,1954500.0,25.876665115356445
2000-04-12,40.44626998901367,38.36447525024414,40.44626998901367,39.45493698120117,2969600.0,25.242433547973633
2000-04-13,39.801902770996094,37.91837692260742,39.45493698120117,37.91837692260742,1902000.0,24.259374618530273
2000-04-14,37.52184295654297,36.28268051147461,36.48094940185547,36.48094940185547,3484800.0,23.339733123779297
2000-04-17,37.52184295654297,35.4400520324707,36.580081939697266,36.97661209106445,3125000.0,23.65685272216797
2000-04-18,39.90103530883789,38.116641998291016,38.562740325927734,38.86014175415039,3127500.0,24.86188316345215
2000-04-19,39.801902770996094,38.51317596435547,38.86014175415039,38.95927429199219,1430900.0,24.925312042236328
2000-04-20,40.941932678222656,39.405372619628906,39.65320587158203,40.148868560791016,2597000.0,25.686397552490234
2000-04-24,42.92459487915039,39.405372619628906,40.148868560791016,42.77589416503906,3467600.0,27.36709976196289
2000-04-25,42.77589416503906,41.68543243408203,42.42892837524414,42.77589416503906,1817900.0,27.36709976196289
2000-04-26,42.92459487915039,41.933265686035156,42.28022766113281,42.23066329956055,1673500.0,27.018272399902344
2000-04-27,43.51939010620117,41.437599182128906,41.437599182128906,43.02372741699219,2810000.0,27.525663375854492
2000-04-28,43.7672233581543,42.42892837524414,43.51939010620117,42.676761627197266,1768900.0,27.303693771362305
2000-05-01,44.411590576171875,42.52806091308594,42.627193450927734,42.77589416503906,2003800.0,27.36709976196289
2000-05-02,42.77589416503906,41.388031005859375,42.77589416503906,42.181095123291016,1740200.0,26.9865665435791
2000-05-03,42.23066329956055,39.851470947265625,42.03239822387695,41.33846664428711,1819200.0,26.44747543334961
2000-05-04,42.08196258544922,41.090633392333984,41.33846664428711,41.388031005859375,1623800.0,26.479171752929688
2000-05-05,41.883697509765625,40.24800109863281,41.18976593017578,41.090633392333984,1669800.0,26.288909912109375
2000-05-08,41.48716354370117,40.594966888427734,41.28889846801758,41.23933410644531,683900.0,26.384037017822266
2000-05-09,41.834129333496094,38.86014175415039,41.23933410644531,40.04973602294922,1400600.0,25.622968673706055
2000-05-10,41.140201568603516,39.554073333740234,40.09930419921875,40.49583435058594,2437900.0,25.90837287902832
2000-05-11,42.627193450927734,40.793235778808594,41.23933410644531,41.78456497192383,1954400.0,26.732873916625977
2000-05-12,41.834129333496094,40.44626998901367,41.6358642578125,41.04106521606445,861900.0,26.257200241088867
2000-05-15,41.437599182128906,40.19843673706055,41.04106521606445,41.140201568603516,994300.0,26.32062339782715
2000-05-16,42.676761627197266,41.140201568603516,41.933265686035156,42.329795837402344,1363200.0,27.081708908081055
2000-05-17,41.98283004760742,40.49583435058594,41.98283004760742,41.6358642578125,1067000.0,26.637744903564453
2000-05-18,42.676761627197266,40.74366760253906,42.676761627197266,40.793235778808594,1144300.0,26.098644256591797
2000-05-19,41.883697509765625,40.347137451171875,41.883697509765625,40.54540252685547,1218100.0,25.940082550048828
2000-05-22,42.03239822387695,39.45493698120117,40.941932678222656,41.78456497192383,2136700.0,26.732873916625977
2000-05-23,42.676761627197266,41.437599182128906,41.834129333496094,42.627193450927734,2137400.0,27.2719669342041
2000-05-24,44.01505661010742,42.42892837524414,42.627193450927734,44.01505661010742,2674800.0,28.159881591796875
2000-05-25,44.60985565185547,43.122859954833984,44.213321685791016,44.411590576171875,2684600.0,28.413583755493164
2000-05-26,44.06462478637695,41.883697509765625,44.01505661010742,42.47849655151367,1703300.0,27.17685317993164
2000-05-30,44.362022399902344,42.23066329956055,42.47849655151367,44.213321685791016,2466700.0,28.2867488861084
2000-05-31,44.362022399902344,43.420257568359375,44.362022399902344,43.618526458740234,2438700.0,27.906204223632812
2000-06-01,43.965492248535156,43.27156066894531,43.5689582824707,43.71765899658203,3427800.0,27.969615936279297
2000-06-02,45.204654693603516,44.362022399902344,44.411590576171875,45.204654693603516,3064800.0,28.920976638793945
2000-06-05,45.948150634765625,44.411590576171875,44.411590576171875,45.30378723144531,1777500.0,28.984407424926758
2000-06-06,45.84901809692383,44.90725326538086,45.006385803222656,45.74988555908203,1694700.0,29.269807815551758
2000-06-07,45.7994499206543,44.95682144165039,45.452484130859375,45.502052307128906,1281000.0,29.16703224182129
2000-06-08,45.35335159301758,43.915924072265625,45.35335159301758,44.213321685791016,1264100.0,28.3409481048584
2000-06-09,45.006385803222656,44.01505661010742,44.16375732421875,44.56028747558594,1364000.0,28.563358306884766
2000-06-12,44.51072311401367,43.742401123046875,44.362022399902344,43.742401123046875,540300.0,28.039079666137695
2000-06-13,44.11418914794922,42.627193450927734,43.81679153442383,42.974159240722656,1892400.0,27.546642303466797
2000-06-14,43.37069320678711,42.23066329956055,42.87502670288086,43.27156066894531,2257400.0,27.737274169921875
2000-06-15,44.06462478637695,43.07329177856445,43.172428131103516,43.37069320678711,1494400.0,27.800806045532227
2000-06-16,43.915924072265625,43.02372741699219,43.420257568359375,43.51939010620117,3170000.0,27.896129608154297
2000-06-19,43.618526458740234,42.42892837524414,43.122859954833984,43.32112503051758,1224900.0,27.769023895263672
2000-06-20,43.27156066894531,41.23933410644531,43.27156066894531,41.437599182128906,1647100.0,26.561687469482422
2000-06-21,42.825462341308594,41.28889846801758,42.03239822387695,41.586299896240234,1686500.0,26.65700912475586
2000-06-22,42.181095123291016,41.28889846801758,41.586299896240234,41.7349967956543,1582100.0,26.752338409423828
2000-06-23,42.42892837524414,41.48716354370117,42.03239822387695,42.03239822387695,5688900.0,26.942970275878906
2000-06-26,42.13153076171875,41.33846664428711,42.03239822387695,41.933265686035156,2077000.0,26.87941551208496
2000-06-27,42.13153076171875,41.04106521606445,41.933265686035156,41.388031005859375,1136200.0,26.529916763305664
2000-06-28,42.92459487915039,41.28889846801758,41.388031005859375,42.7138786315918,1752000.0,27.379789352416992
2000-06-29,42.47849655151367,40.84280014038086,42.47849655151367,40.89236831665039,1838800.0,26.212194442749023
2000-06-30,42.57762908935547,40.54540252685547,41.090633392333984,42.47849655151367,2611800.0,27.228923797607422
2000-07-03,42.77589416503906,41.18976593017578,42.676761627197266,41.48716354370117,682700.0,26.593473434448242
2000-07-05,42.13153076171875,40.941932678222656,42.03239822387695,41.437599182128906,1189000.0,26.561687469482422
2000-07-06,42.03239822387695,41.437599182128906,41.48716354370117,41.834129333496094,1534100.0,26.815866470336914
2000-07-07,42.329795837402344,40.347137451171875,41.98283004760742,41.04106521606445,1753200.0,26.30751609802246
2000-07-10,41.586299896240234,41.04106521606445,41.23933410644531,41.28889846801758,1893800.0,26.46637535095215
2000-07-11,41.68543243408203,40.54540252685547,41.6358642578125,40.84280014038086,2703300.0,26.180437088012695
2000-07-12,42.181095123291016,41.090633392333984,41.23933410644531,41.78456497192383,1264000.0,26.784099578857422
2000-07-13,42.825462341308594,41.388031005859375,41.933265686035156,42.42892837524414,1589000.0,27.197145462036133
2000-07-14,42.7263298034668,41.586299896240234,42.181095123291016,42.181095123291016,1294900.0,27.038280487060547
2000-07-17,42.7263298034668,42.08196258544922,42.181095123291016,42.52806091308594,1093600.0,27.260692596435547
2000-07-18,43.420257568359375,42.379364013671875,42.825462341308594,42.47849655151367,1187000.0,27.228923797607422
2000-07-19,43.469825744628906,42.47849655151367,43.02372741699219,43.122859954833984,904200.0,27.641948699951172
2000-07-20,43.32112503051758,42.57762908935547,43.172428131103516,42.676761627197266,1073600.0,27.356008529663086
2000-07-21,42.825462341308594,41.7349967956543,42.379364013671875,41.98283004760742,1194200.0,26.91118049621582
2000-07-24,42.42892837524414,41.28889846801758,41.28889846801758,41.834129333496094,818900.0,26.815866470336914
2000-07-25,41.834129333496094,40.347137451171875,41.6358642578125,40.39670181274414,1624700.0,25.89447593688965
2000-07-26,40.84280014038086,39.25667190551758,40.644535064697266,39.405372619628906,2379300.0,25.259023666381836
2000-07-27,40.644535064697266,39.801902770996094,39.801902770996094,40.04973602294922,1259600.0,25.672073364257812
2000-07-28,40.594966888427734,39.25667190551758,40.347137451171875,39.5045051574707,1261700.0,25.32258415222168
2000-07-31,40.24800109863281,39.25667190551758,39.5045051574707,39.30624008178711,1631600.0,25.195478439331055
2000-08-01,40.44626998901367,39.851470947265625,40.148868560791016,40.04973602294922,1070400.0,25.672073364257812
2000-08-02,41.23933410644531,39.90103530883789,40.24800109863281,41.23933410644531,1539100.0,26.43459701538086
2000-08-03,41.883697509765625,40.793235778808594,40.941932678222656,41.388031005859375,1671500.0,26.529916763305664
2000-08-04,42.77589416503906,41.23933410644531,41.28889846801758,42.52806091308594,1122700.0,27.260692596435547
2000-08-07,42.47849655151367,41.48716354370117,42.379364013671875,42.42892837524414,1042800.0,27.197145462036133
2000-08-08,43.27156066894531,42.42892837524414,42.42892837524414,43.172428131103516,1321600.0,27.673728942871094
2000-08-09,43.32112503051758,42.379364013671875,42.57762908935547,43.27156066894531,1736400.0,27.737274169921875
2000-08-10,43.5689582824707,42.825462341308594,43.469825744628906,43.07329177856445,980500.0,27.610179901123047
2000-08-11,44.56028747558594,43.420257568359375,43.51939010620117,44.51072311401367,1622800.0,28.531578063964844
2000-08-14,45.997718811035156,42.974159240722656,44.31245422363281,45.997718811035156,2050800.0,29.484758377075195
2000-08-15,46.54294967651367,45.650753021240234,45.997718811035156,46.09685134887695,2342400.0,29.548307418823242
2000-08-16,46.49338150024414,45.35335159301758,45.997718811035156,46.19598388671875,1292100.0,29.611848831176758
2000-08-17,46.29511642456055,44.659420013427734,46.19598388671875,45.25421905517578,1679900.0,29.008169174194336
2000-08-18,46.691646575927734,45.25421905517578,45.40291976928711,46.691646575927734,1290300.0,29.92955780029297
2000-08-21,47.038612365722656,45.997718811035156,46.49338150024414,46.889915466308594,1169800.0,30.056657791137695
2000-08-22,47.187313079833984,46.34468460083008,46.394248962402344,46.98904800415039,1017000.0,30.120187759399414
2000-08-23,47.13774871826172,46.54294967651367,46.98904800415039,46.59251403808594,1274000.0,29.86602210998535
2000-08-24,47.33601379394531,46.04728317260742,46.54294967651367,46.59251403808594,1471200.0,29.86602210998535
2000-08-25,46.84034729003906,46.09685134887695,46.49338150024414,46.394248962402344,1122100.0,29.73893165588379
2000-08-28,47.93081283569336,46.09685134887695,46.09685134887695,47.58384704589844,1925500.0,30.5014705657959
2000-08-29,47.78211212158203,46.93947982788086,47.78211212158203,47.038612365722656,1714000.0,30.151968002319336
2000-08-30,47.33601379394531,46.64208221435547,47.08818054199219,46.84034729003906,1200900.0,30.02486801147461
2000-08-31,48.12907791137695,46.84034729003906,46.84034729003906,47.2988166809082,1634200.0,30.318748474121094
2000-09-01,48.32734298706055,47.33601379394531,48.32734298706055,47.8316764831543,1162100.0,30.660320281982422
2000-09-05,48.87257385253906,48.12907791137695,48.17864227294922,48.57517623901367,1471800.0,31.13690757751465
2000-09-06,49.36824035644531,48.37691116333008,49.16997528076172,48.8230094909668,1769400.0,31.2957820892334
2000-09-07,49.219539642333984,48.52560806274414,48.8230094909668,49.02127456665039,911400.0,31.422863006591797
2000-09-08,49.91347122192383,48.277774810791016,48.67430877685547,49.61607360839844,1656200.0,31.80413246154785
2000-09-11,50.31000518798828,49.219539642333984,49.81433868408203,49.96303939819336,1208000.0,32.02653503417969
2000-09-12,50.31000518798828,49.566505432128906,50.16130447387695,49.715206146240234,2048600.0,31.86768913269043
2000-09-13,50.65696716308594,49.269107818603516,49.91347122192383,50.65696716308594,2537600.0,32.528602600097656
2000-09-14,51.103065490722656,49.96303939819336,50.458702087402344,50.70653533935547,2087400.0,32.5604133605957
2000-09-15,50.756103515625,49.96303939819336,50.31000518798828,50.31000518798828,1951300.0,32.30580520629883
2000-09-18,51.103065490722656,49.61607360839844,50.954368591308594,49.7647705078125,2049800.0,31.95569610595703
2000-09-19,50.60740280151367,49.715206146240234,50.16130447387695,50.062171936035156,1773400.0,32.14666748046875
2000-09-20,49.8639030456543,48.17864227294922,49.8639030456543,48.67430877685547,2475200.0,31.255462646484375
2000-09-21,50.012603759765625,48.07950973510742,48.773441314697266,49.269107818603516,1825400.0,31.637409210205078
2000-09-22,49.96303939819336,48.97170639038086,49.31867218017578,49.8639030456543,1573800.0,32.01935577392578
2000-09-25,51.15263366699219,49.8639030456543,50.062171936035156,51.00393295288086,2583800.0,32.75139236450195
2000-09-26,53.333560943603516,51.15263366699219,51.15263366699219,53.283992767333984,3764200.0,34.21550369262695
2000-09-27,53.8292236328125,51.84656524658203,53.283992767333984,52.59006118774414,1911000.0,33.769920349121094
2000-09-28,53.08572769165039,51.54916763305664,52.39179611206055,53.08572769165039,1458400.0,34.08818817138672
2000-09-29,53.283992767333984,52.63962936401367,53.08572769165039,53.03615951538086,2287500.0,34.056358337402344
2000-10-02,52.8874626159668,50.35956954956055,52.34223175048828,51.40046691894531,1749200.0,33.006011962890625
2000-10-03,51.598731994628906,50.16130447387695,51.40046691894531,50.60740280151367,1748200.0,32.49678421020508
2000-10-04,51.15263366699219,49.566505432128906,50.65696716308594,49.91347122192383,1555600.0,32.051185607910156
2000-10-05,50.90480041503906,49.96303939819336,50.26043701171875,50.65696716308594,1997000.0,32.528602600097656
2000-10-06,51.15263366699219,50.26043701171875,50.65696716308594,50.40913772583008,1851100.0,32.36946105957031
2000-10-09,51.15263366699219,50.16130447387695,50.40913772583008,50.458702087402344,1086800.0,32.40129089355469
2000-10-10,51.747432708740234,50.508270263671875,51.05350112915039,51.40046691894531,2434000.0,33.006011962890625
2000-10-11,52.044830322265625,50.805667877197266,51.49959945678711,50.805667877197266,1976600.0,32.624080657958984
2000-10-12,51.8961296081543,50.26043701171875,50.60740280151367,51.54916763305664,2001500.0,33.10151672363281
2000-10-13,51.35089874267578,49.46737289428711,51.35089874267578,50.11173629760742,2937700.0,32.17849349975586
2000-10-16,48.67430877685547,46.889915466308594,48.37691116333008,47.8316764831543,4172900.0,30.714378356933594
2000-10-17,47.93081283569336,47.08818054199219,47.8316764831543,47.534278869628906,2541600.0,30.52341079711914
2000-10-18,48.277774810791016,47.08818054199219,47.534278869628906,47.980377197265625,3222300.0,30.80986213684082
2000-10-19,48.723876953125,47.88124465942383,48.277774810791016,48.62474060058594,2092500.0,31.22364044189453
2000-10-20,49.96303939819336,48.17864227294922,48.17864227294922,49.6656379699707,2039100.0,31.892040252685547
2000-10-23,49.91347122192383,48.277774810791016,49.51694107055664,48.723876953125,1817000.0,31.287302017211914
2000-10-24,50.756103515625,48.87257385253906,48.87257385253906,50.40913772583008,2130000.0,32.36946105957031
2000-10-25,51.35089874267578,50.16130447387695,50.55783462524414,51.00393295288086,3266700.0,32.75139236450195
2000-10-26,51.45003128051758,50.062171936035156,51.00393295288086,50.35956954956055,1819200.0,32.33762741088867
2000-10-27,50.60740280151367,49.36824035644531,50.16130447387695,50.012603759765625,1524300.0,32.11484146118164
2000-10-30,52.34223175048828,50.35956954956055,50.508270263671875,52.34223175048828,1941300.0,33.610774993896484
2000-10-31,52.59006118774414,50.90480041503906,52.34223175048828,51.7969970703125,2155800.0,33.260658264160156
2000-11-01,52.094398498535156,50.756103515625,51.7969970703125,51.35089874267578,1142800.0,32.97420120239258
2000-11-02,52.14396286010742,51.598731994628906,52.044830322265625,51.94569778442383,1697300.0,33.356143951416016
2000-11-03,52.19353103637695,50.65696716308594,51.94569778442383,50.90480041503906,1043600.0,32.68775177001953
2000-11-06,51.747432708740234,50.40913772583008,50.90480041503906,51.64830017089844,1320800.0,33.1651725769043
2000-11-07,51.84656524658203,50.954368591308594,51.84656524658203,51.45003128051758,1160900.0,33.03785705566406
2000-11-08,52.34223175048828,51.15263366699219,52.34223175048828,51.40046691894531,1240900.0,33.006011962890625
2000-11-09,52.59006118774414,51.251766204833984,51.40046691894531,51.54916763305664,2134900.0,33.10151672363281
2000-11-10,53.92835998535156,52.044830322265625,52.73876190185547,52.68919372558594,2770600.0,33.833560943603516
2000-11-13,52.24309539794922,50.8552360534668,52.24309539794922,51.598731994628906,2952200.0,33.133338928222656
2000-11-14,53.08572769165039,51.49959945678711,51.747432708740234,53.08572769165039,2885600.0,34.08818817138672
2000-11-15,53.48225784301758,52.68919372558594,53.08572769165039,53.48225784301758,2467900.0,34.34282684326172
2000-11-16,53.38312530517578,52.59006118774414,53.38312530517578,53.18486022949219,1808500.0,34.15186309814453
2000-11-17,54.22575759887695,53.283992767333984,53.7300910949707,53.779659271240234,2770800.0,34.53379821777344
2000-11-20,54.67185592651367,53.779659271240234,53.8292236328125,54.62228775024414,2468200.0,35.07487869262695
2000-11-21,54.96925354003906,53.92835998535156,54.37445831298828,54.22575759887695,2620000.0,34.82024383544922
2000-11-22,54.62228775024414,53.630958557128906,54.572723388671875,54.22575759887695,2027100.0,34.82024383544922
2000-11-24,54.7214241027832,53.92835998535156,54.7214241027832,54.47359085083008,492700.0,34.9793815612793
2000-11-27,54.67185592651367,53.53182601928711,54.47359085083008,53.779659271240234,1951200.0,34.53379821777344
2000-11-28,54.32489013671875,52.93702697753906,53.779659271240234,53.630958557128906,2292900.0,34.43830108642578
2000-11-29,53.7300910949707,52.34223175048828,53.630958557128906,52.68919372558594,2317000.0,33.833560943603516
2000-11-30,52.540496826171875,51.598731994628906,51.94569778442383,52.34223175048828,2148200.0,33.610774993896484
2000-12-01,52.34223175048828,51.15263366699219,52.34223175048828,51.49959945678711,2205300.0,33.069679260253906
2000-12-04,52.29266357421875,51.54916763305664,51.8961296081543,51.6978645324707,1410300.0,33.196998596191406
2000-12-05,51.7969970703125,50.21086883544922,51.54916763305664,51.7969970703125,2538400.0,33.260658264160156
2000-12-06,52.73876190185547,50.35956954956055,50.35956954956055,52.490928649902344,2706800.0,33.70625686645508
2000-12-07,52.094398498535156,51.301334381103516,51.54916763305664,51.598731994628906,1307200.0,33.19816589355469
2000-12-08,51.45003128051758,49.16997528076172,51.251766204833984,49.96303939819336,2450600.0,32.14576721191406
2000-12-11,50.55783462524414,48.37691116333008,50.55783462524414,48.57517623901367,2128700.0,31.252832412719727
2000-12-12,49.41780471801758,48.67430877685547,49.16997528076172,49.02127456665039,1367200.0,31.53986167907715
2000-12-13,49.8639030456543,49.070838928222656,49.16997528076172,49.36824035644531,2009100.0,31.76308822631836
2000-12-14,50.954368591308594,49.12040710449219,49.7647705078125,50.21086883544922,2195400.0,32.30522918701172
2000-12-15,48.277774810791016,46.889915466308594,48.17864227294922,47.484710693359375,5235000.0,30.551252365112305
2000-12-18,47.88124465942383,46.84034729003906,47.58384704589844,47.43514633178711,2457500.0,30.51935386657715
2000-12-19,47.58384704589844,46.889915466308594,47.187313079833984,47.236881256103516,2506800.0,30.39178466796875
2000-12-20,47.43514633178711,46.443817138671875,46.84034729003906,46.741214752197266,3688000.0,30.07288360595703
2000-12-21,46.93947982788086,46.394248962402344,46.54294967651367,46.7907829284668,2269900.0,30.10478401184082
2000-12-22,47.28644561767578,46.443817138671875,46.7907829284668,47.187313079833984,1552900.0,30.359899520874023
2000-12-26,48.62474060058594,47.187313079833984,47.236881256103516,48.52560806274414,1300700.0,31.220966339111328
2000-12-27,49.91347122192383,48.723876953125,48.723876953125,49.81433868408203,1352300.0,32.05010223388672
2000-12-28,50.65696716308594,49.8639030456543,50.458702087402344,50.26043701171875,1207500.0,32.337135314941406
2000-12-29,50.756103515625,49.96303939819336,50.756103515625,50.21086883544922,1114500.0,32.30522918701172
2001-01-02,50.40913772583008,48.97170639038086,50.16130447387695,49.219539642333984,2220000.0,31.667421340942383
2001-01-03,49.61607360839844,47.980377197265625,49.16997528076172,48.17864227294922,1927500.0,30.99771499633789
2001-01-04,48.37691116333008,43.32112503051758,48.22821044921875,44.95682144165039,5020900.0,28.924816131591797
2001-01-05,44.26288986206055,43.02372741699219,43.618526458740234,43.51939010620117,3097900.0,27.999988555908203
2001-01-08,46.98904800415039,43.5689582824707,43.5689582824707,46.691646575927734,3641600.0,30.04098892211914
2001-01-09,48.62474060058594,46.59251403808594,46.7907829284668,48.12907791137695,3301700.0,30.965835571289062
2001-01-10,48.62474060058594,47.28644561767578,47.78211212158203,48.277774810791016,3194400.0,31.06150245666504
2001-01-11,49.269107818603516,47.93081283569336,48.32734298706055,48.029945373535156,1839500.0,30.902048110961914
2001-01-12,49.715206146240234,48.277774810791016,48.37691116333008,49.02127456665039,2391100.0,31.53986167907715
2001-01-16,49.51694107055664,48.62474060058594,48.97170639038086,49.16997528076172,1919200.0,31.635522842407227
2001-01-17,49.36824035644531,47.8316764831543,49.36824035644531,47.8316764831543,2330500.0,30.77447509765625
2001-01-18,48.62474060058594,47.08818054199219,47.980377197265625,47.6334114074707,2928000.0,30.64690399169922
2001-01-19,49.219539642333984,47.38557815551758,47.682979583740234,47.58384704589844,3110000.0,30.615028381347656
2001-01-22,47.682979583740234,45.997718811035156,47.58384704589844,46.54294967651367,2838900.0,29.94533348083496
2001-01-23,47.88124465942383,46.7907829284668,46.98904800415039,47.187313079833984,2231700.0,30.359899520874023
2001-01-24,48.07950973510742,47.38557815551758,47.78211212158203,47.682979583740234,1692800.0,30.678813934326172
2001-01-25,48.426475524902344,47.534278869628906,47.78211212158203,47.534278869628906,1733500.0,30.583131790161133
2001-01-26,48.029945373535156,46.7907829284668,47.7325439453125,47.13774871826172,1782400.0,30.328014373779297
2001-01-29,48.297603607177734,47.13972854614258,47.13972854614258,47.980377197265625,1038300.0,30.870147705078125
2001-01-30,48.368980407714844,47.02870178222656,48.368980407714844,47.68694305419922,2011800.0,30.68135643005371
2001-01-31,47.61556625366211,46.47355651855469,47.187313079833984,47.472816467285156,2837900.0,30.54358673095703
2001-02-01,47.39350891113281,46.63216781616211,46.885948181152344,47.345924377441406,1972100.0,30.461956024169922
2001-02-02,47.3062744140625,44.847774505615234,47.3062744140625,45.75979995727539,4774200.0,29.44145393371582
2001-02-05,46.7907829284668,45.75979995727539,45.75979995727539,46.77492141723633,1480900.0,30.094579696655273
2001-02-06,47.8217658996582,46.35459518432617,46.78285217285156,47.298343658447266,1540700.0,30.43134117126465
2001-02-07,47.58384704589844,46.925601959228516,47.187313079833984,47.3300666809082,1435400.0,30.451753616333008
2001-02-08,47.845558166503906,47.3062744140625,47.38557815551758,47.544193267822266,1505600.0,30.58951187133789
2001-02-09,47.58384704589844,47.068355560302734,47.544193267822266,47.25075912475586,1269300.0,30.400726318359375
2001-02-12,47.2824821472168,46.307010650634766,46.870086669921875,46.79871368408203,1364500.0,30.109874725341797
2001-02-13,48.154850006103516,46.870086669921875,46.870086669921875,47.56798553466797,1556800.0,30.604829788208008
2001-02-14,47.258689880371094,46.72733688354492,46.94939422607422,46.89387893676758,1755300.0,30.171106338500977
2001-02-15,47.21110534667969,46.433902740478516,46.57665252685547,46.72733688354492,1517800.0,30.063945770263672
2001-02-16,46.7907829284668,45.52187728881836,46.67182159423828,46.735267639160156,1818000.0,30.069046020507812
2001-02-20,46.433902740478516,45.0619010925293,45.958065032958984,45.165000915527344,2209000.0,29.058759689331055
2001-02-21,46.3387336730957,44.847774505615234,44.847774505615234,45.68049240112305,1217100.0,29.390430450439453
2001-02-22,45.67256164550781,44.60985565185547,45.67256164550781,45.204654693603516,2148200.0,29.084285736083984
2001-02-23,45.52187728881836,44.71295166015625,45.52187728881836,44.89535903930664,2152500.0,28.885286331176758
2001-02-26,45.68049240112305,44.64950942993164,44.89535903930664,45.68049240112305,2107700.0,29.390430450439453
2001-02-27,45.95013427734375,45.04603958129883,45.68049240112305,45.95013427734375,1974100.0,29.563919067382812
2001-02-28,47.16352081298828,45.997718811035156,45.997718811035156,46.7907829284668,2377800.0,30.10478401184082
2001-03-01,46.941463470458984,45.98978805541992,46.67182159423828,46.941463470458984,1909500.0,30.201730728149414
2001-03-02,47.38557815551758,45.83910369873047,46.275291442871094,46.74319839477539,1718100.0,30.074155807495117
2001-03-05,47.361785888671875,45.870826721191406,46.31494140625,46.91767120361328,1614600.0,30.186420440673828
2001-03-06,47.42523193359375,46.394248962402344,47.42523193359375,46.59251403808594,1335200.0,29.977218627929688
2001-03-07,47.10800552368164,46.394248962402344,46.98904800415039,46.67182159423828,1285200.0,30.094444274902344
2001-03-08,47.17938232421875,46.433902740478516,46.63216781616211,47.171451568603516,1549400.0,30.416606903076172
2001-03-09,47.171451568603516,45.83910369873047,47.16352081298828,45.870826721191406,2590700.0,29.577951431274414
2001-03-12,45.149139404296875,44.19746017456055,44.60985565185547,44.213321685791016,2511600.0,28.509174346923828
2001-03-13,44.73674392700195,44.22125244140625,44.22125244140625,44.57813262939453,1774400.0,28.744403839111328
2001-03-14,43.97540283203125,42.58754348754883,43.53921890258789,42.58754348754883,4330700.0,27.460857391357422
2001-03-15,43.10303497314453,40.731773376464844,42.11170196533203,41.27898406982422,5437400.0,26.617095947265625
2001-03-16,41.16002655029297,38.439815521240234,41.04106521606445,39.56596755981445,6759100.0,25.51251792907715
2001-03-19,41.961021423339844,39.33597946166992,39.56596755981445,41.04106521606445,3316300.0,26.463680267333984
2001-03-20,41.67551803588867,40.44626998901367,41.04106521606445,40.47799301147461,2750600.0,26.100605010986328
2001-03-21,42.23066329956055,40.12904357910156,40.12904357910156,41.6358642578125,4300800.0,26.847206115722656
2001-03-22,42.71443176269531,40.37489318847656,41.556556701660156,41.437599182128906,3085700.0,26.719364166259766
2001-03-23,42.27031707763672,40.84280014038086,41.6358642578125,40.84280014038086,2407900.0,26.335838317871094
2001-03-26,42.96821212768555,41.6596565246582,41.834129333496094,42.40513610839844,1900600.0,27.343238830566406
2001-03-27,43.10303497314453,41.31863784790039,42.40513610839844,42.97614288330078,1994300.0,27.711427688598633
2001-03-28,42.666847229003906,42.056190490722656,42.627193450927734,42.35755157470703,1551800.0,27.31256103515625
2001-03-29,42.627193450927734,41.47725296020508,42.317901611328125,42.07204818725586,1653800.0,27.12847328186035
2001-03-30,43.618526458740234,41.683448791503906,42.627193450927734,43.12682342529297,1848500.0,27.80860137939453
2001-04-02,44.11815643310547,42.76994705200195,43.10303497314453,43.21406173706055,2652600.0,27.864849090576172
2001-04-03,43.18233871459961,41.643795013427734,43.18233871459961,41.715171813964844,1605500.0,26.898345947265625
2001-04-04,41.627933502197266,40.12904357910156,40.12904357910156,41.326568603515625,3292600.0,26.64777374267578
2001-04-05,42.60340118408203,41.397945404052734,41.397945404052734,42.40513610839844,1729100.0,27.343238830566406
2001-04-06,42.38927459716797,41.080718994140625,42.38927459716797,41.59621047973633,1303200.0,26.82164192199707
2001-04-09,42.547889709472656,41.397945404052734,41.397945404052734,42.11170196533203,1171000.0,27.15403175354004
2001-04-10,43.42818832397461,41.715171813964844,42.03239822387695,42.00860595703125,2419100.0,27.087547302246094
2001-04-11,40.72384262084961,39.33597946166992,40.04973602294922,40.12904357910156,5112200.0,25.875581741333008
2001-04-12,40.86659240722656,39.70078659057617,40.04973602294922,40.84280014038086,3036600.0,26.335838317871094
2001-04-16,40.88245391845703,39.621482849121094,40.44626998901367,39.97835922241211,2374700.0,25.7784366607666
2001-04-17,42.03239822387695,39.97835922241211,39.97835922241211,40.68418884277344,4111500.0,26.233562469482422
2001-04-18,43.64231872558594,41.23933410644531,41.23933410644531,43.04751968383789,3260900.0,27.75746726989746
2001-04-19,43.48370361328125,42.436859130859375,42.508235931396484,42.8651123046875,2347100.0,27.639842987060547
2001-04-20,42.69063949584961,41.715171813964844,42.666847229003906,42.262386322021484,2074200.0,27.25119972229004
2001-04-23,42.079978942871094,41.096580505371094,42.07204818725586,41.3662223815918,1392600.0,26.673341751098633
2001-04-24,42.03239822387695,40.763492584228516,40.84280014038086,41.23933410644531,2016200.0,26.591516494750977
2001-04-25,42.63512420654297,40.644535064697266,40.644535064697266,42.11170196533203,1643400.0,27.15403175354004
2001-04-26,43.49956512451172,41.556556701660156,42.74615478515625,42.016536712646484,2699400.0,27.092668533325195
2001-04-27,43.41232681274414,42.03239822387695,42.11170196533203,43.41232681274414,1658400.0,27.992691040039062
2001-04-30,43.82472229003906,42.302040100097656,43.420257568359375,43.02372741699219,1794000.0,27.74212646484375
2001-05-01,43.06338119506836,41.97688293457031,42.3496208190918,42.77787780761719,1817800.0,27.583585739135742
2001-05-02,43.26164627075195,41.95309066772461,42.825462341308594,42.000675201416016,2568200.0,27.08243751525879
2001-05-03,42.38927459716797,40.9221076965332,42.27031707763672,41.60414123535156,1861300.0,26.82675552368164
2001-05-04,41.89757537841797,41.01727294921875,41.60414123535156,41.437599182128906,2003100.0,26.719364166259766
2001-05-07,42.03239822387695,40.93003845214844,41.47725296020508,41.754825592041016,1652500.0,26.923925399780273
2001-05-08,42.11170196533203,41.437599182128906,41.6358642578125,42.03239822387695,2205700.0,27.102901458740234
2001-05-09,42.72236251831055,41.397945404052734,41.873783111572266,41.96895217895508,1548600.0,27.061988830566406
2001-05-10,42.72236251831055,42.119632720947266,42.21480178833008,42.34169006347656,1144300.0,27.302335739135742
2001-05-11,42.41306686401367,41.25519561767578,42.3496208190918,41.469322204589844,1610800.0,26.73982810974121
2001-05-14,41.873783111572266,40.850730895996094,41.04106521606445,41.873783111572266,1771700.0,27.00063133239746
2001-05-15,42.33375930786133,41.437599182128906,41.86585235595703,41.834129333496094,1370100.0,26.97505760192871
2001-05-16,44.18159866333008,41.6358642578125,41.873783111572266,44.094364166259766,2248000.0,28.432466506958008
2001-05-17,44.213321685791016,43.26164627075195,44.01505661010742,44.04677963256836,2519500.0,28.40178108215332
2001-05-18,44.26090621948242,43.53921890258789,43.93574905395508,44.18952941894531,1888600.0,28.49384117126465
2001-05-21,45.204654693603516,44.01505661010742,44.01505661010742,45.03017807006836,1451400.0,29.035898208618164
2001-05-22,45.323612213134766,44.17367172241211,45.006385803222656,44.34814453125,1566000.0,28.596111297607422
2001-05-23,44.847774505615234,43.81679153442383,44.411590576171875,43.97540283203125,1352200.0,28.355764389038086
2001-05-24,44.60985565185547,43.75334548950195,43.97540283203125,44.44330978393555,1701700.0,28.657482147216797
2001-05-25,45.204654693603516,44.3719367980957,44.72881317138672,44.411590576171875,1093700.0,28.637022018432617
2001-05-29,44.514686584472656,43.93574905395508,44.411590576171875,43.93574905395508,1009000.0,28.330204010009766
2001-05-30,44.45124053955078,43.42818832397461,43.94367980957031,43.45991134643555,1099800.0,28.023365020751953
2001-05-31,43.57094192504883,42.6192626953125,43.45991134643555,42.6192626953125,1826600.0,27.481319427490234
2001-06-01,44.094364166259766,42.63512420654297,42.90476608276367,43.3409538269043,1243900.0,27.946659088134766
2001-06-04,44.33228302001953,43.44404983520508,43.44404983520508,43.84058380126953,914100.0,28.268840789794922
2001-06-05,45.24430465698242,43.53921890258789,43.53921890258789,45.12534713745117,1442000.0,29.097270965576172
2001-06-06,45.24430465698242,44.427452087402344,45.04603958129883,44.530548095703125,1613100.0,28.779115676879883
2001-06-07,44.657440185546875,43.87230682373047,44.45124053955078,44.01505661010742,2238200.0,28.445951461791992
2001-06-08,44.022987365722656,43.29336929321289,44.01505661010742,43.3409538269043,876000.0,28.010282516479492
2001-06-11,43.618526458740234,43.02372741699219,43.59473419189453,43.3409538269043,1260700.0,28.010282516479492
2001-06-12,43.3409538269043,42.58754348754883,43.3409538269043,42.912696838378906,1536600.0,27.7335262298584
2001-06-13,43.02372741699219,42.29410934448242,43.02372741699219,42.29410934448242,1238600.0,27.333740234375
2001-06-14,42.34169006347656,40.55729675292969,42.32583236694336,40.84280014038086,2482100.0,26.395795822143555
2001-06-15,42.04032897949219,40.763492584228516,40.763492584228516,41.30277633666992,3266600.0,26.693056106567383
2001-06-18,41.91343688964844,41.397945404052734,41.46139144897461,41.42173767089844,1249900.0,26.76995277404785
2001-06-19,42.42892837524414,41.35036087036133,41.79447937011719,41.508975982666016,1335400.0,26.82632827758789
2001-06-20,42.944419860839844,41.23140335083008,41.67551803588867,41.3900146484375,2433200.0,26.74944496154785
2001-06-21,42.33375930786133,41.27898406982422,41.3900146484375,41.437599182128906,1481200.0,26.780195236206055
2001-06-22,41.84206008911133,40.84280014038086,41.51690673828125,40.9221076965332,1953600.0,26.447044372558594
2001-06-25,41.91343688964844,40.93003845214844,40.93003845214844,41.00141525268555,1478000.0,26.49830436706543
2001-06-26,41.65172576904297,40.99348449707031,41.00934600830078,41.437599182128906,1834200.0,26.780195236206055
2001-06-27,41.754825592041016,40.9221076965332,41.35829162597656,40.9221076965332,1531300.0,26.447044372558594
2001-06-28,41.715171813964844,40.850730895996094,40.9221076965332,41.03313446044922,1976800.0,26.518798828125
2001-06-29,41.6358642578125,39.31218719482422,41.23140335083008,39.415287017822266,2585600.0,25.473217010498047
2001-07-02,41.437599182128906,39.8911247253418,39.8911247253418,40.96969223022461,1839400.0,26.47779655456543
2001-07-03,41.715171813964844,41.04899597167969,41.715171813964844,41.08864974975586,1170800.0,26.55467414855957
2001-07-05,41.27105712890625,40.8983154296875,41.08864974975586,40.99348449707031,1126300.0,26.4931697845459
2001-07-06,40.68418884277344,39.970428466796875,40.20042037963867,40.52557373046875,1808600.0,26.19077491760254
2001-07-09,42.03239822387695,40.604881286621094,40.604881286621094,41.8817138671875,1967600.0,27.067211151123047
2001-07-10,42.27031707763672,41.326568603515625,42.27031707763672,41.59621047973633,1796300.0,26.882705688476562
2001-07-11,41.76275634765625,41.152095794677734,41.397945404052734,41.30277633666992,1682100.0,26.693056106567383
2001-07-12,42.80167007446289,41.096580505371094,41.1203727722168,42.666847229003906,1775900.0,27.57463264465332
2001-07-13,42.547889709472656,41.79447937011719,42.03239822387695,42.420997619628906,1157600.0,27.415748596191406
2001-07-16,42.3496208190918,41.9055061340332,42.30997085571289,42.07204818725586,952500.0,27.190235137939453
2001-07-17,42.65098571777344,41.80241012573242,41.95309066772461,42.611331939697266,1154800.0,27.538755416870117
2001-07-18,42.611331939697266,41.44552993774414,42.611331939697266,42.11170196533203,1446000.0,27.215850830078125
2001-07-19,42.78580856323242,42.11170196533203,42.11170196533203,42.78580856323242,1368000.0,27.65151596069336
2001-07-20,42.67477798461914,42.1513557434082,42.666847229003906,42.27031707763672,1006500.0,27.3183650970459
2001-07-23,42.28617858886719,41.080718994140625,42.191009521484375,41.152095794677734,1329300.0,26.595680236816406
2001-07-24,41.59621047973633,40.55729675292969,41.080718994140625,40.644535064697266,3593500.0,26.267654418945312
2001-07-25,40.961761474609375,40.61281204223633,40.644535064697266,40.9221076965332,2522700.0,26.447044372558594
2001-07-26,40.8745231628418,40.041805267333984,40.84280014038086,40.47799301147461,1573700.0,26.16002655029297
2001-07-27,40.75556182861328,40.287654876708984,40.604881286621094,40.44626998901367,1675500.0,26.1395206451416
2001-07-30,40.763492584228516,40.04973602294922,40.46213150024414,40.327308654785156,2220400.0,26.062641143798828
2001-07-31,40.93003845214844,40.287654876708984,40.44626998901367,40.4066162109375,1769800.0,26.1138916015625
2001-08-01,40.44626998901367,39.44700622558594,40.44626998901367,39.6452751159668,3906200.0,25.62186622619629
2001-08-02,39.6690673828125,37.987770080566406,39.65320587158203,38.33671951293945,5521400.0,24.776172637939453
2001-08-03,37.829158782958984,37.14712142944336,37.829158782958984,37.2264289855957,4217700.0,24.058616638183594
2001-08-06,38.606361389160156,37.2264289855957,37.23435974121094,38.02742385864258,3361700.0,24.576284408569336
2001-08-07,38.37636947631836,38.075008392333984,38.1622428894043,38.25741195678711,2008200.0,24.724918365478516
2001-08-08,38.606361389160156,37.92432403564453,38.10673141479492,38.15431213378906,2021900.0,24.65826988220215
2001-08-09,38.73324966430664,37.90846252441406,38.15431213378906,38.622222900390625,2483300.0,24.96067237854004
2001-08-10,38.93944549560547,38.15431213378906,38.622222900390625,38.4556770324707,1991500.0,24.853046417236328
2001-08-13,39.02668380737305,37.6705436706543,38.50326156616211,38.265342712402344,2393700.0,24.73004150390625
2001-08-14,38.63015365600586,37.78157424926758,37.78157424926758,38.54291534423828,3568000.0,24.909423828125
2001-08-15,39.65320587158203,38.741180419921875,39.177364349365234,39.304256439208984,2534100.0,25.40146255493164
2001-08-16,39.81181716918945,39.098060607910156,39.33597946166992,39.6928596496582,1829400.0,25.652612686157227
2001-08-17,39.6452751159668,39.16943359375,39.6452751159668,39.33597946166992,2114000.0,25.421972274780273
2001-08-20,39.851470947265625,39.177364349365234,39.343910217285156,39.740440368652344,1686200.0,25.683364868164062
2001-08-21,41.23140335083008,39.73250961303711,39.851470947265625,40.35110092163086,2287600.0,26.078014373779297
2001-08-22,40.8983154296875,40.21628189086914,40.52557373046875,40.54143524169922,1297400.0,26.20102882385254
2001-08-23,41.42966842651367,40.52557373046875,40.54143524169922,41.25519561767578,1632100.0,26.66231346130371
2001-08-24,42.365482330322266,41.17588806152344,41.19968032836914,42.135494232177734,1819400.0,27.231233596801758
2001-08-27,42.191009521484375,42.016536712646484,42.15928649902344,42.02446746826172,1389000.0,27.159475326538086
2001-08-28,42.175148010253906,41.627933502197266,42.056190490722656,41.78654861450195,2208000.0,27.005714416503906
2001-08-29,42.72236251831055,41.86585235595703,41.91343688964844,42.72236251831055,2413700.0,27.610509872436523
2001-08-30,42.35755157470703,41.3900146484375,42.03239822387695,41.42173767089844,2559500.0,26.76995277404785
2001-08-31,41.58034896850586,41.04899597167969,41.31863784790039,41.04899597167969,1772200.0,26.529056549072266
2001-09-04,41.588279724121094,40.961761474609375,41.23933410644531,41.16002655029297,2476400.0,26.600805282592773
2001-09-05,41.19968032836914,40.37489318847656,40.9221076965332,40.49385070800781,2330700.0,26.170272827148438
2001-09-06,40.36696243286133,39.415287017822266,40.36696243286133,39.65320587158203,3896000.0,25.626985549926758
2001-09-07,40.52557373046875,39.62941360473633,39.661136627197266,39.661136627197266,3481300.0,25.632108688354492
2001-09-10,40.58108901977539,38.89979553222656,39.01875305175781,40.43833923339844,3554500.0,26.1343994140625
2001-09-17,39.795955657958984,37.829158782958984,38.86014175415039,38.06707763671875,4352500.0,24.727407455444336
2001-09-18,39.661136627197266,37.829158782958984,38.06707763671875,39.63734436035156,2557800.0,25.747407913208008
2001-09-19,39.51838302612305,36.91713333129883,39.51045227050781,38.78083419799805,3682500.0,25.191049575805664
2001-09-20,38.075008392333984,35.44996643066406,38.06707763671875,35.46582794189453,4344100.0,23.03769874572754
2001-09-21,36.48094940185547,32.515628814697266,32.515628814697266,34.88689041137695,5684000.0,22.661636352539062
2001-09-24,37.27401351928711,34.88689041137695,34.88689041137695,35.7037467956543,3619400.0,23.1922550201416
2001-09-25,36.32233428955078,35.05343246459961,36.044761657714844,35.291351318359375,2656400.0,22.92436408996582
2001-09-26,36.48094940185547,34.815513610839844,36.48094940185547,35.09308624267578,2152200.0,22.79557991027832
2001-09-27,35.9971809387207,34.69655227661133,35.101016998291016,35.101016998291016,2901200.0,22.800724029541016
2001-09-28,37.440555572509766,35.37065887451172,35.37065887451172,37.30573654174805,2249000.0,24.232858657836914
2001-10-01,37.630889892578125,37.036094665527344,37.194705963134766,37.23435974121094,2742100.0,24.186504364013672
2001-10-02,38.41602325439453,37.400901794433594,37.6705436706543,38.2098274230957,2270700.0,24.82013511657715
2001-10-03,40.44626998901367,37.773643493652344,38.06707763671875,39.6690673828125,2225600.0,25.768014907836914
2001-10-04,40.24800109863281,39.098060607910156,40.04973602294922,39.10599136352539,4136300.0,25.402265548706055
2001-10-05,39.113922119140625,38.003631591796875,39.10599136352539,38.7015266418457,2448300.0,25.139528274536133
2001-10-08,38.84428024291992,37.82122802734375,38.55877685546875,38.24155044555664,1647900.0,24.84073829650879
2001-10-09,39.3994255065918,37.86880874633789,38.66187286376953,38.21775817871094,1859000.0,24.825284957885742
2001-10-10,40.00215148925781,38.02742385864258,38.2098274230957,39.70078659057617,1636500.0,25.788618087768555
2001-10-11,40.36696243286133,39.217018127441406,39.724578857421875,40.01008224487305,2483000.0,25.989532470703125
2001-10-12,39.65320587158203,38.06707763671875,39.33597946166992,38.96323776245117,1899700.0,25.30952262878418
2001-10-15,39.09012985229492,38.46360778808594,38.78083419799805,38.78083419799805,1305500.0,25.191049575805664
2001-10-16,39.33597946166992,38.54291534423828,38.78083419799805,39.13771438598633,1304700.0,25.42287254333496
2001-10-17,39.970428466796875,38.622222900390625,39.13771438598633,38.622222900390625,2104600.0,25.088003158569336
2001-10-18,38.97909927368164,38.265342712402344,38.622222900390625,38.384300231933594,1499100.0,24.93345832824707
2001-10-19,39.098060607910156,38.28120422363281,38.58256912231445,38.84428024291992,1532800.0,25.23224639892578
2001-10-22,39.795955657958984,38.46360778808594,38.46360778808594,39.50252151489258,1589000.0,25.65983772277832
2001-10-23,40.961761474609375,39.478729248046875,39.65320587158203,39.6690673828125,2110900.0,25.768014907836914
2001-10-24,40.208351135253906,39.65320587158203,39.65320587158203,39.9149169921875,1939600.0,25.927711486816406
2001-10-25,40.93796920776367,39.51838302612305,39.6452751159668,40.63660430908203,1681500.0,26.396507263183594
2001-10-26,41.23933410644531,40.33523941040039,40.44626998901367,40.75556182861328,2021300.0,26.473773956298828
2001-10-29,40.763492584228516,40.287654876708984,40.660396575927734,40.287654876708984,1852000.0,26.169824600219727
2001-10-30,40.533504486083984,39.96249771118164,40.24800109863281,40.44626998901367,2245100.0,26.272869110107422
2001-10-31,41.1441650390625,40.44626998901367,40.44626998901367,40.96969223022461,2088400.0,26.612869262695312
2001-11-01,42.02446746826172,40.44626998901367,40.961761474609375,41.95309066772461,2825700.0,27.251665115356445
2001-11-02,42.72236251831055,41.54069900512695,41.54069900512695,42.547889709472656,2687900.0,27.638025283813477
2001-11-05,43.14268493652344,42.53995895385742,42.53995895385742,43.14268493652344,3142700.0,28.024391174316406
2001-11-06,42.8651123046875,42.23066329956055,42.8651123046875,42.60340118408203,2215000.0,27.67407989501953
2001-11-07,42.81753158569336,42.420997619628906,42.563751220703125,42.682708740234375,2054400.0,27.725608825683594
2001-11-08,43.18233871459961,42.508235931396484,42.69063949584961,42.59547424316406,1790300.0,27.6689395904541
2001-11-09,43.22199249267578,42.46858215332031,42.666847229003906,43.0951042175293,938700.0,27.993484497070312
2001-11-12,43.531288146972656,42.547889709472656,43.10303497314453,43.39646530151367,2038500.0,28.189247131347656
2001-11-13,44.01505661010742,43.06338119506836,43.49956512451172,43.95954132080078,1901700.0,28.55500030517578
2001-11-14,44.72881317138672,43.71369171142578,44.72881317138672,44.284698486328125,2219600.0,28.766218185424805
2001-11-15,45.12534713745117,44.102294921875,44.284698486328125,44.411590576171875,2555000.0,28.848644256591797
2001-11-16,44.44330978393555,43.65024948120117,44.411590576171875,43.76127624511719,1776900.0,28.42620849609375
2001-11-19,45.18086242675781,43.81679153442383,43.81679153442383,45.18086242675781,1917900.0,29.348339080810547
2001-11-20,45.12534713745117,44.546409606933594,44.80812072753906,44.641578674316406,2379900.0,28.998031616210938
2001-11-21,44.593994140625,43.904029846191406,44.44330978393555,44.395729064941406,1172000.0,28.838348388671875
2001-11-23,45.085693359375,44.17367172241211,44.17367172241211,44.919151306152344,470800.0,29.17833137512207
2001-11-26,44.958805084228516,44.55434036254883,44.76846694946289,44.93501281738281,1238800.0,29.18865203857422
2001-11-27,44.72881317138672,43.59473419189453,44.49089431762695,44.459171295166016,2702000.0,28.879545211791992
2001-11-28,44.459171295166016,43.864376068115234,44.459171295166016,43.967472076416016,1512700.0,28.560148239135742
2001-11-29,44.13401794433594,43.618526458740234,43.89609909057617,43.93574905395508,1294700.0,28.539531707763672
2001-11-30,44.29262924194336,43.75334548950195,44.01505661010742,43.983333587646484,1499000.0,28.570449829101562
2001-12-03,44.30849075317383,43.53921890258789,43.93574905395508,43.8326530456543,1851400.0,28.47257423400879
2001-12-04,44.80018997192383,43.51542663574219,43.8326530456543,44.48296356201172,1839000.0,28.894996643066406
2001-12-05,46.37045669555664,44.49882507324219,44.80812072753906,45.98185729980469,2454700.0,29.868640899658203
2001-12-06,47.49660873413086,45.624977111816406,45.87875747680664,47.10800552368164,2510600.0,30.60015869140625
2001-12-07,47.488677978515625,46.98904800415039,47.187313079833984,47.46488571166992,3194600.0,30.831981658935547
2001-12-10,47.38557815551758,46.15633010864258,47.26662063598633,46.3387336730957,1745800.0,30.100467681884766
2001-12-11,46.885948181152344,46.378387451171875,46.57665252685547,46.624237060546875,1786200.0,30.285913467407227
2001-12-12,47.19524383544922,46.275291442871094,46.59251403808594,47.187313079833984,1701700.0,30.727453231811523
2001-12-13,47.16352081298828,46.203914642333984,47.15559005737305,46.28322219848633,1706200.0,30.13874626159668
2001-12-14,46.70354461669922,45.66463088989258,46.19598388671875,45.712215423583984,2305500.0,29.766908645629883
2001-12-17,46.97318649291992,45.91841125488281,45.997718811035156,46.71940612792969,1644700.0,30.42278480529785
2001-12-18,46.90974044799805,46.38631820678711,46.63216781616211,46.70354461669922,1727600.0,30.41244888305664
2001-12-19,47.068355560302734,45.53773880004883,45.958065032958984,46.71147537231445,2674200.0,30.417619705200195
2001-12-20,47.560054779052734,46.8304328918457,47.258689880371094,47.14765930175781,2117500.0,30.701642990112305
2001-12-21,47.38557815551758,46.608375549316406,47.38557815551758,47.36971664428711,3597600.0,30.84625816345215
2001-12-24,47.38557815551758,46.71147537231445,47.36971664428711,46.806644439697266,611600.0,30.479595184326172
2001-12-26,47.45695495605469,46.7907829284668,46.885948181152344,46.870086669921875,1017200.0,30.52088737487793
2001-12-27,47.45695495605469,47.100074768066406,47.26662063598633,47.377647399902344,1100900.0,30.851411819458008
2001-12-28,47.861419677734375,47.345924377441406,47.504539489746094,47.7979736328125,1416300.0,31.125123977661133
2001-12-31,47.87727737426758,46.71147537231445,47.87727737426758,46.71147537231445,1531700.0,30.417619705200195
2002-01-02,47.21110534667969,46.0928840637207,47.15559005737305,46.49734878540039,3455700.0,30.278186798095703
2002-01-03,46.870086669921875,46.03736877441406,46.49734878540039,46.47355651855469,1700800.0,30.26268196105957
2002-01-04,46.78285217285156,46.03736877441406,46.35459518432617,46.394248962402344,1528000.0,30.21104621887207
2002-01-07,46.505279541015625,45.283958435058594,46.116676330566406,45.40291976928711,2238700.0,29.565507888793945
2002-01-08,45.997718811035156,45.24430465698242,45.83910369873047,45.36326599121094,1643300.0,29.53968048095703
2002-01-09,45.79151916503906,44.69709396362305,45.52187728881836,44.94294357299805,2685700.0,29.2659854888916
2002-01-10,45.6011848449707,44.411590576171875,44.94294357299805,45.339473724365234,2276100.0,29.524192810058594
2002-01-11,45.48222732543945,44.85570526123047,45.36326599121094,45.133277893066406,2041800.0,29.38991928100586
2002-01-14,45.6011848449707,44.831912994384766,45.133277893066406,45.410850524902344,1550800.0,29.5706729888916
2002-01-15,46.394248962402344,45.24430465698242,45.41878128051758,46.17219161987305,1998900.0,30.06644630432129
2002-01-16,46.394248962402344,45.52187728881836,45.997718811035156,45.712215423583984,2048000.0,29.766908645629883
2002-01-17,46.10874557495117,45.3077507019043,45.712215423583984,45.775657653808594,1458200.0,29.808229446411133
2002-01-18,45.577392578125,45.252235412597656,45.498085021972656,45.450504302978516,1784200.0,29.596500396728516
2002-01-22,45.87875747680664,44.60985565185547,45.6011848449707,44.8160514831543,2505000.0,29.183359146118164
2002-01-23,44.69709396362305,44.31642150878906,44.33228302001953,44.3719367980957,2673400.0,28.894153594970703
2002-01-24,44.80812072753906,44.094364166259766,44.45124053955078,44.3719367980957,1788500.0,28.894153594970703
2002-01-25,45.283958435058594,43.81679153442383,44.49089431762695,44.87156677246094,1806500.0,29.2194881439209
2002-01-28,44.958805084228516,44.411590576171875,44.72881317138672,44.760536193847656,1420600.0,29.147199630737305
2002-01-29,43.229923248291016,40.44626998901367,43.22199249267578,41.397945404052734,8851000.0,26.957544326782227
2002-01-30,42.825462341308594,41.16002655029297,41.23933410644531,42.76201629638672,3423700.0,27.84579849243164
2002-01-31,43.20613098144531,42.547889709472656,42.76201629638672,42.825462341308594,3078600.0,27.887107849121094
2002-02-01,42.912696838378906,42.23859405517578,42.81753158569336,42.46858215332031,2539000.0,27.654727935791016
2002-02-04,42.46858215332031,41.65172576904297,42.46858215332031,41.95309066772461,2152000.0,27.319047927856445
2002-02-05,43.055450439453125,41.6358642578125,41.6358642578125,42.44478988647461,1827000.0,27.63922691345215
2002-02-06,43.14268493652344,42.42892837524414,42.436859130859375,42.55582046508789,2189100.0,27.711519241333008
2002-02-07,43.26957702636719,42.6192626953125,42.627193450927734,42.825462341308594,1671100.0,27.887107849121094
2002-02-08,43.26164627075195,42.52409744262695,42.666847229003906,43.174407958984375,1356600.0,28.11433219909668
2002-02-11,43.36474609375,42.96028137207031,43.20613098144531,43.25371551513672,1080100.0,28.165973663330078
2002-02-12,43.26164627075195,42.70650100708008,43.25371551513672,42.825462341308594,1308000.0,27.887107849121094
2002-02-13,43.49956512451172,42.67477798461914,42.944419860839844,42.74615478515625,1662200.0,27.835460662841797
2002-02-14,43.45198059082031,42.627193450927734,42.928558349609375,42.97614288330078,1705000.0,27.98523712158203
2002-02-15,43.29336929321289,42.42892837524414,43.055450439453125,42.42892837524414,1186100.0,27.6289005279541
2002-02-19,42.15928649902344,41.35829162597656,42.11170196533203,41.715171813964844,1436500.0,27.16411018371582
2002-02-20,42.508235931396484,41.437599182128906,41.754825592041016,42.11170196533203,1653900.0,27.42232894897461
2002-02-21,42.99200439453125,41.23140335083008,42.3496208190918,41.29484558105469,1805400.0,26.890411376953125
2002-02-22,41.91343688964844,41.25519561767578,41.31863784790039,41.770687103271484,1631600.0,27.20026397705078
2002-02-25,43.19820022583008,41.47725296020508,41.76275634765625,42.793739318847656,2282700.0,27.866464614868164
2002-02-26,42.1513557434082,41.23933410644531,42.03239822387695,41.754825592041016,2702200.0,27.189945220947266
2002-02-27,41.699310302734375,40.961761474609375,41.59621047973633,41.3662223815918,2641500.0,26.936891555786133
2002-02-28,42.3972053527832,41.572418212890625,41.59621047973633,41.80241012573242,4143700.0,27.220924377441406
2002-03-01,43.229923248291016,41.588279724121094,41.80241012573242,43.22199249267578,3207500.0,28.145328521728516
2002-03-04,44.68916320800781,43.08717346191406,43.22199249267578,44.64950942993164,3154100.0,29.074905395507812
2002-03-05,45.379127502441406,44.33228302001953,44.45124053955078,44.96673583984375,2736900.0,29.28145980834961
2002-03-06,45.640838623046875,44.593994140625,44.60985565185547,45.577392578125,2063600.0,29.679115295410156
2002-03-07,46.148399353027344,45.204654693603516,45.577392578125,45.29981994628906,2036300.0,29.498374938964844
2002-03-08,46.67182159423828,45.67256164550781,45.72014617919922,46.14046859741211,2290900.0,30.045791625976562
2002-03-11,45.7994499206543,44.64950942993164,45.64876937866211,45.52187728881836,2472000.0,29.64295768737793
2002-03-12,45.91841125488281,45.03017807006836,45.204654693603516,45.91841125488281,2205600.0,29.90117835998535
2002-03-13,45.24430465698242,43.68989944458008,45.006385803222656,44.30849075317383,3337800.0,28.925283432006836
2002-03-14,44.60985565185547,43.420257568359375,44.30849075317383,43.808860778808594,5447400.0,28.599119186401367
2002-03-15,44.847774505615234,43.420257568359375,43.69783020019531,44.657440185546875,2945600.0,29.1530818939209
2002-03-18,45.52187728881836,44.5702018737793,44.85570526123047,45.498085021972656,1430900.0,29.701862335205078
2002-03-19,45.63290786743164,44.85570526123047,45.498085021972656,44.903289794921875,2377000.0,29.313570022583008
2002-03-20,45.585323333740234,44.50675582885742,44.887428283691406,45.165000915527344,1870600.0,29.484418869018555
2002-03-21,45.66463088989258,45.05397033691406,45.204654693603516,45.323612213134766,1707000.0,29.587970733642578
2002-03-22,45.56153106689453,44.49089431762695,45.56153106689453,44.80812072753906,1668600.0,29.2514591217041
2002-03-25,44.99052429199219,43.53921890258789,44.80812072753906,43.618526458740234,2903600.0,28.474857330322266
2002-03-26,45.44257354736328,44.18159866333008,44.213321685791016,45.41878128051758,2308800.0,29.65009880065918
2002-03-27,45.68049240112305,45.204654693603516,45.36326599121094,45.44257354736328,1756200.0,29.665618896484375
2002-03-28,46.44183349609375,45.44257354736328,45.49015808105469,46.21184539794922,2035900.0,30.167829513549805
2002-04-01,45.997718811035156,45.093624114990234,45.997718811035156,45.40291976928711,1739800.0,29.639726638793945
2002-04-02,45.36326599121094,44.96673583984375,45.165000915527344,44.96673583984375,1377300.0,29.35498809814453
2002-04-03,45.085693359375,43.618526458740234,45.085693359375,43.618526458740234,2897000.0,28.474857330322266
2002-04-04,44.17367172241211,43.33302307128906,43.8564453125,43.618526458740234,2461600.0,28.474857330322266
2002-04-05,44.300559997558594,43.69783020019531,43.81679153442383,43.777137756347656,1270700.0,28.578413009643555
2002-04-08,44.55434036254883,43.53921890258789,43.618526458740234,44.356075286865234,1489100.0,28.956336975097656
2002-04-09,45.006385803222656,44.23711395263672,44.36400604248047,44.26090621948242,1495700.0,28.894210815429688
2002-04-10,45.1094856262207,44.094364166259766,44.340213775634766,44.8160514831543,1684900.0,29.256616592407227
2002-04-11,44.831912994384766,44.13401794433594,44.8160514831543,44.213321685791016,1590900.0,28.86314582824707
2002-04-12,44.76846694946289,44.07057189941406,44.094364166259766,44.657440185546875,1345600.0,29.1530818939209
2002-04-15,44.847774505615234,43.53921890258789,44.64950942993164,43.53921890258789,2023000.0,28.423095703125
2002-04-16,43.8564453125,41.715171813964844,43.618526458740234,42.23066329956055,4943200.0,27.568830490112305
2002-04-17,42.03239822387695,40.47799301147461,42.03239822387695,40.47799301147461,4154700.0,26.424667358398438
2002-04-18,40.961761474609375,40.04973602294922,40.04973602294922,40.271793365478516,3587600.0,26.290056228637695
2002-04-19,41.23933410644531,40.24800109863281,40.24800109863281,40.961761474609375,3000800.0,26.740478515625
2002-04-22,40.55729675292969,39.494590759277344,40.52557373046875,39.73250961303711,3415500.0,25.938007354736328
2002-04-23,40.91417694091797,39.70078659057617,39.8911247253418,40.208351135253906,2304500.0,26.248641967773438
2002-04-24,41.23933410644531,40.44626998901367,40.68418884277344,40.573158264160156,1737600.0,26.486787796020508
2002-04-25,41.1203727722168,40.4066162109375,40.4066162109375,40.79521560668945,2261500.0,26.631755828857422
2002-04-26,40.93003845214844,40.113182067871094,40.88245391845703,40.113182067871094,1761400.0,26.186519622802734
2002-04-29,40.36696243286133,39.51838302612305,39.9149169921875,39.589759826660156,2008200.0,25.844810485839844
2002-04-30,41.23933410644531,39.851470947265625,39.851470947265625,40.31937789916992,2225800.0,26.321121215820312
2002-05-01,41.00141525268555,39.40735626220703,40.08938980102539,40.700050354003906,2340700.0,26.569629669189453
2002-05-02,40.66832733154297,40.168697357177734,40.644535064697266,40.24800109863281,1368000.0,26.27451515197754
2002-05-03,40.36696243286133,39.44700622558594,40.36696243286133,39.740440368652344,1738600.0,25.94318199157715
2002-05-06,40.33523941040039,39.45493698120117,39.65320587158203,39.45493698120117,1798400.0,25.756793975830078
2002-05-07,40.30351638793945,39.534244537353516,39.81181716918945,39.77216339111328,2282100.0,25.963884353637695
2002-05-08,41.23140335083008,40.01008224487305,40.01008224487305,41.191749572753906,1976800.0,26.890625
2002-05-09,41.79447937011719,40.82693862915039,41.080718994140625,40.86659240722656,2241200.0,26.678359985351562
2002-05-10,41.47725296020508,40.4066162109375,41.31863784790039,40.50971221923828,1897000.0,26.445375442504883
2002-05-13,41.27898406982422,40.589019775390625,40.70798110961914,41.1679573059082,1647400.0,26.875076293945312
2002-05-14,42.508235931396484,41.67551803588867,41.834129333496094,42.42892837524414,1720000.0,27.698266983032227
2002-05-15,42.825462341308594,41.91343688964844,42.03239822387695,42.14342498779297,2142600.0,27.51189613342285
2002-05-16,43.72955322265625,42.119632720947266,42.14342498779297,43.10303497314453,2770100.0,28.138336181640625
2002-05-17,43.610595703125,42.825462341308594,43.18233871459961,43.25371551513672,1743000.0,28.23670196533203
2002-05-20,42.793739318847656,42.03239822387695,42.74615478515625,42.04825973510742,1335200.0,27.449766159057617
2002-05-21,42.55582046508789,41.51690673828125,41.95309066772461,41.66758728027344,1523100.0,27.201265335083008
2002-05-22,41.8817138671875,41.04899597167969,41.47725296020508,41.47725296020508,1709700.0,27.076993942260742
2002-05-23,42.58754348754883,41.47725296020508,41.49311447143555,42.42892837524414,1236400.0,27.698266983032227
2002-05-24,42.666847229003906,41.834129333496094,42.420997619628906,41.873783111572266,1013500.0,27.335857391357422
2002-05-28,41.99274444580078,41.556556701660156,41.715171813964844,41.873783111572266,1479700.0,27.335857391357422
2002-05-29,41.8817138671875,41.23933410644531,41.67551803588867,41.35036087036133,1060600.0,26.99416160583496
2002-05-30,42.04825973510742,40.961761474609375,41.35036087036133,41.35829162597656,1899900.0,26.999347686767578
2002-05-31,42.02446746826172,41.11244201660156,41.40587615966797,41.17588806152344,1865300.0,26.88027000427246
2002-06-03,41.95309066772461,40.93796920776367,41.1679573059082,41.03313446044922,1563500.0,26.787073135375977
2002-06-04,41.6358642578125,40.945899963378906,41.03313446044922,41.397945404052734,1881600.0,27.025239944458008
2002-06-05,41.72310256958008,41.096580505371094,41.223472595214844,41.437599182128906,1536900.0,27.05111312866211
2002-06-06,41.98481369018555,41.29484558105469,41.437599182128906,41.56448745727539,1854000.0,27.13395881652832
2002-06-07,41.382083892822266,40.44626998901367,40.604881286621094,40.44626998901367,2189200.0,26.403963088989258
2002-06-10,40.763492584228516,40.33523941040039,40.56522750854492,40.39075469970703,2276500.0,26.367727279663086
2002-06-11,41.03313446044922,40.06559753417969,41.03313446044922,40.1845588684082,1731900.0,26.23310661315918
2002-06-12,40.08938980102539,38.14638137817383,39.95457077026367,38.78083419799805,4073600.0,25.389404296875
2002-06-13,39.248741149902344,38.02742385864258,38.86014175415039,38.02742385864258,2887900.0,24.89615249633789
2002-06-14,37.496070861816406,35.84649658203125,37.33745574951172,37.123329162597656,4601300.0,24.304243087768555
2002-06-17,38.29706573486328,37.48020935058594,37.55158615112305,38.249481201171875,3507800.0,25.041521072387695
2002-06-18,38.7015266418457,38.06707763671875,38.06707763671875,38.14638137817383,2334300.0,24.974029541015625
2002-06-19,38.39223098754883,37.210567474365234,37.630889892578125,37.210567474365234,1399000.0,24.361358642578125
2002-06-20,37.41676330566406,35.838565826416016,37.210567474365234,35.9971809387207,3030400.0,23.566967010498047
2002-06-21,35.56099319458008,34.40312194824219,35.37065887451172,34.815513610839844,5167800.0,22.793338775634766
2002-06-24,35.219974517822266,33.60212707519531,34.33967590332031,35.08515548706055,4246000.0,22.969873428344727
2002-06-25,35.116878509521484,34.10175704956055,35.01377868652344,34.27622985839844,3440600.0,22.44028091430664
2002-06-26,34.2682991027832,33.586265563964844,33.705223083496094,34.181060791015625,4141600.0,22.377975463867188
2002-06-27,34.498287200927734,33.90348815917969,34.33967590332031,34.45863342285156,3086300.0,22.559701919555664
2002-06-28,34.77585983276367,34.10968780517578,34.14141082763672,34.537940979003906,2962800.0,22.61162757873535
2002-07-01,34.69655227661133,33.308692932128906,34.553802490234375,33.47523498535156,3479500.0,21.915874481201172
2002-07-02,33.69729232788086,31.127765655517578,33.18973159790039,32.198402404785156,7030300.0,21.07994842529297
2002-07-03,32.634586334228516,31.667049407958984,32.16667938232422,32.2777099609375,3452700.0,21.131877899169922
2002-07-05,34.418983459472656,32.45218276977539,32.475975036621094,34.117618560791016,1650700.0,22.336444854736328
2002-07-08,34.53001022338867,33.142147064208984,34.117618560791016,33.46730422973633,3123400.0,21.910686492919922
2002-07-09,33.15007781982422,31.841524124145508,33.11042404174805,32.0080680847168,4143400.0,20.955337524414062
2002-07-10,32.95974349975586,31.286378860473633,32.158748626708984,31.60360336303711,3614200.0,20.690542221069336
2002-07-11,32.41252899169922,30.969152450561523,31.405338287353516,32.103233337402344,3600100.0,21.017641067504883
2002-07-12,32.50769805908203,31.64325714111328,32.158748626708984,32.142887115478516,2358800.0,21.043596267700195
2002-07-15,31.881175994873047,30.75502586364746,31.56395149230957,31.865314483642578,3899700.0,20.861875534057617
2002-07-16,32.705963134765625,31.286378860473633,31.5242977142334,31.80980110168457,3171700.0,20.825536727905273
2002-07-17,32.951812744140625,31.881175994873047,31.881175994873047,32.7932014465332,3100200.0,21.469348907470703
2002-07-18,26.186975479125977,24.783252716064453,25.536663055419922,25.06082534790039,22883100.0,16.407052993774414
2002-07-19,26.052154541015625,24.703947067260742,24.902212142944336,25.3780517578125,12793800.0,16.61473274230957
2002-07-22,26.305936813354492,24.838768005371094,24.98151969909668,26.258352279663086,9163000.0,17.191070556640625
2002-07-23,28.034814834594727,26.448686599731445,26.448686599731445,27.447948455810547,9363100.0,17.969879150390625
2002-07-24,28.5899600982666,26.96417999267578,27.24968147277832,27.757244110107422,7473700.0,18.1723690032959
2002-07-25,28.0744686126709,26.845218658447266,27.860342025756836,27.598630905151367,7735200.0,18.06852912902832
2002-07-26,28.550308227539062,27.757244110107422,27.915855407714844,28.3203182220459,4261700.0,18.541006088256836
2002-07-29,29.628873825073242,28.312387466430664,28.431346893310547,29.43060874938965,4708100.0,19.267906188964844
2002-07-30,30.13643455505371,29.137174606323242,29.501983642578125,29.605083465576172,3752400.0,19.38212776184082
2002-07-31,29.969892501831055,28.843740463256836,29.969892501831055,29.573360443115234,4358400.0,19.36136245727539
2002-08-01,30.16815757751465,28.550308227539062,29.66059684753418,28.796157836914062,3638600.0,18.852535247802734
2002-08-02,29.34337043762207,28.312387466430664,28.804088592529297,28.708919525146484,3214000.0,18.795419692993164
2002-08-05,28.748573303222656,27.48760223388672,28.47100067138672,27.558977127075195,5094200.0,18.042564392089844
2002-08-06,29.541637420654297,27.955509185791016,27.955509185791016,28.51065444946289,3821100.0,18.66562271118164
2002-08-07,29.73197364807129,28.47100067138672,29.73197364807129,29.026145935058594,3629400.0,19.003103256225586
2002-08-08,30.26332664489746,28.954769134521484,29.311649322509766,30.104713439941406,3470000.0,19.709228515625
2002-08-09,30.215742111206055,29.271995544433594,29.620943069458008,29.708181381225586,2401800.0,19.44962501525879
2002-08-12,29.486122131347656,28.96269989013672,29.18475914001465,29.105451583862305,2771000.0,19.05502700805664
2002-08-13,29.67645835876465,28.550308227539062,29.105451583862305,28.62168312072754,3948200.0,18.738313674926758
2002-08-14,29.94610023498535,28.11412239074707,28.637544631958008,29.787487030029297,4477900.0,19.50154685974121
2002-08-15,31.24672508239746,29.779556274414062,29.985754013061523,30.239534378051758,2890600.0,19.797496795654297
2002-08-16,31.00087547302246,29.86679458618164,30.15229606628418,30.794677734375,2028700.0,20.160938262939453
2002-08-19,31.088111877441406,30.28711700439453,30.794677734375,30.81053924560547,2161900.0,20.171329498291016
2002-08-20,30.691579818725586,29.819210052490234,30.651927947998047,30.009544372558594,2674000.0,19.64692497253418
2002-08-21,30.493314743041992,29.573360443115234,30.493314743041992,30.310909271240234,2711500.0,19.84423065185547
2002-08-22,31.730493545532227,30.176088333129883,30.53296661376953,31.56395149230957,3701000.0,20.66457748413086
2002-08-23,31.56395149230957,30.794677734375,31.56395149230957,30.881916046142578,2099800.0,20.21805763244629
2002-08-26,31.143627166748047,30.231603622436523,30.881916046142578,30.90570831298828,2319800.0,20.2336368560791
2002-08-27,31.064319610595703,30.366424560546875,31.048460006713867,30.572620391845703,2202200.0,20.01556968688965
2002-08-28,30.572620391845703,29.747833251953125,30.572620391845703,29.858863830566406,2496300.0,19.54827880859375
2002-08-29,30.350563049316406,29.628873825073242,29.858863830566406,30.033336639404297,2597400.0,19.662506103515625
2002-08-30,30.421937942504883,29.819210052490234,29.819210052490234,29.954030990600586,2026000.0,19.610580444335938
2002-09-03,29.34337043762207,28.518585205078125,29.09752082824707,28.5899600982666,3068500.0,18.717540740966797
2002-09-04,29.692319869995117,28.391695022583008,28.5899600982666,29.54956817626953,2261200.0,19.34578514099121
2002-09-05,29.160966873168945,28.550308227539062,28.86753273010254,28.883394241333008,4217200.0,18.90964126586914
2002-09-06,30.41400718688965,29.105451583862305,29.35923194885254,29.954030990600586,2780200.0,19.610580444335938
2002-09-09,30.69951057434082,29.34337043762207,29.541637420654297,30.46952247619629,2753400.0,19.948070526123047
2002-09-10,30.60434341430664,30.20781135559082,30.572620391845703,30.45366096496582,1692300.0,19.937681198120117
2002-09-11,31.24672508239746,30.334701538085938,30.731233596801758,30.334701538085938,1156400.0,19.935083389282227
2002-09-12,30.184019088745117,29.383024215698242,29.938169479370117,29.47026252746582,2237400.0,19.36701011657715
2002-09-13,29.850933074951172,29.224411010742188,29.422677993774414,29.850933074951172,1773400.0,19.617155075073242
2002-09-16,29.882654190063477,29.026145935058594,29.850933074951172,29.803348541259766,2156400.0,19.585895538330078
2002-09-17,30.13643455505371,28.780296325683594,29.92230796813965,28.859601974487305,3090300.0,18.9656925201416
2002-09-18,28.978561401367188,28.137914657592773,28.558237075805664,28.367902755737305,5066700.0,18.642559051513672
2002-09-19,28.241012573242188,27.3607120513916,27.3607120513916,27.955509185791016,4335000.0,18.37154769897461
2002-09-20,28.47100067138672,27.64621353149414,27.96343994140625,28.090330123901367,5287500.0,18.460145950317383
2002-09-23,28.003093719482422,27.527254104614258,27.757244110107422,27.8524112701416,2896000.0,18.303796768188477
2002-09-24,28.11412239074707,27.313127517700195,27.8524112701416,27.479671478271484,3044400.0,18.058834075927734
2002-09-25,27.844480514526367,27.22589111328125,27.614492416381836,27.574838638305664,3299900.0,18.12137794494629
2002-09-26,28.542377471923828,27.677936553955078,27.995162963867188,28.37583351135254,2853500.0,18.647764205932617
2002-09-27,28.542377471923828,27.88413429260254,28.217220306396484,27.955509185791016,2119500.0,18.37154769897461
2002-09-30,27.836549758911133,26.96417999267578,27.32105827331543,27.574838638305664,3286000.0,18.12137794494629
2002-10-01,29.145105361938477,27.297266006469727,27.574838638305664,29.145105361938477,2874600.0,19.15331268310547
2002-10-02,29.145105361938477,27.62242317199707,29.145105361938477,27.765172958374023,2929600.0,18.24645233154297
2002-10-03,28.391695022583008,27.598630905151367,27.773103713989258,27.955509185791016,3865100.0,18.37154769897461
2002-10-04,28.122053146362305,27.217960357666016,28.034814834594727,27.30519676208496,3694000.0,17.944177627563477
2002-10-07,27.709659576416016,26.77384376525879,27.281404495239258,26.932456970214844,3397100.0,17.699230194091797
2002-10-08,28.383764266967773,26.932456970214844,26.932456970214844,28.12998390197754,3331400.0,18.4862060546875
2002-10-09,27.836549758911133,27.281404495239258,27.79689598083496,27.479671478271484,3141800.0,18.058834075927734
2002-10-10,29.01821517944336,27.17037582397461,27.440017700195312,28.85167121887207,3330500.0,18.960477828979492
2002-10-11,30.873985290527344,29.33544158935547,29.422677993774414,30.406076431274414,3125600.0,19.98198699951172
2002-10-14,31.143627166748047,30.033336639404297,30.406076431274414,31.119834899902344,2072600.0,20.451051712036133
2002-10-15,32.896297454833984,31.45292091369629,31.5242977142334,32.721824645996094,4445400.0,21.50383186340332
2002-10-16,32.97560501098633,30.953290939331055,32.39666748046875,31.175350189208984,3711000.0,20.487533569335938
2002-10-17,33.69729232788086,32.0318603515625,32.515628814697266,33.46730422973633,4511400.0,21.993736267089844
2002-10-18,33.308692932128906,31.92082977294922,33.308692932128906,32.11909484863281,5860800.0,21.107736587524414
2002-10-21,33.2611083984375,31.7701473236084,32.12702560424805,33.2611083984375,4125900.0,21.85823631286621
2002-10-22,33.38006591796875,32.39666748046875,32.71389389038086,33.27696990966797,2402400.0,21.8686580657959
2002-10-23,34.95033264160156,33.2373161315918,33.27696990966797,34.855167388916016,4226600.0,22.905797958374023
2002-10-24,34.9820556640625,33.31662368774414,34.88689041137695,33.387996673583984,3343400.0,21.941612243652344
2002-10-25,34.442771911621094,32.75354766845703,32.75354766845703,34.363468170166016,2871800.0,22.582677841186523
2002-10-28,34.67276382446289,33.443511962890625,34.56173324584961,33.64970779418945,2100900.0,22.113601684570312
2002-10-29,33.68143081665039,32.32529067993164,33.46730422973633,33.15800857543945,2877700.0,21.790477752685547
2002-10-30,34.45863342285156,32.92802047729492,33.22938537597656,34.077964782714844,2162800.0,22.39504623413086
2002-10-31,34.236576080322266,33.308692932128906,34.03831100463867,33.7290153503418,2679400.0,22.165725708007812
2002-11-01,34.87895965576172,33.269039154052734,33.269039154052734,34.70448303222656,2348500.0,22.806777954101562
2002-11-04,36.44922637939453,34.84723663330078,35.09308624267578,35.44996643066406,3549200.0,23.296682357788086
2002-11-05,35.4578971862793,32.62665557861328,35.4578971862793,33.54661178588867,6420800.0,22.045854568481445
2002-11-06,34.33967590332031,33.308692932128906,33.61005783081055,33.919349670410156,2933900.0,22.290803909301758
2002-11-07,33.98279571533203,33.38006591796875,33.744876861572266,33.79246139526367,3736200.0,22.207427978515625
2002-11-08,34.379329681396484,33.59419631958008,33.744876861572266,33.744876861572266,2386800.0,22.17615509033203
2002-11-11,33.72108459472656,33.308692932128906,33.625919342041016,33.46730422973633,2034900.0,21.993736267089844
2002-11-12,33.9748649597168,33.30076217651367,33.459373474121094,33.73694610595703,3057800.0,22.170940399169922
2002-11-13,34.0224494934082,33.308692932128906,33.69729232788086,34.0224494934082,2414200.0,22.35856056213379
2002-11-14,34.93447494506836,34.0224494934082,34.27622985839844,34.498287200927734,2478300.0,22.6712703704834
2002-11-15,35.09308624267578,34.12554931640625,34.30002212524414,35.06929397583008,2892200.0,23.046525955200195
2002-11-18,35.62443923950195,34.54587173461914,35.21204376220703,34.75206756591797,2348100.0,22.83805274963379
2002-11-19,34.84723663330078,34.077964782714844,34.379329681396484,34.10175704956055,2357300.0,22.410690307617188
2002-11-20,34.799652099609375,33.34834671020508,33.34834671020508,34.59345626831055,5206500.0,22.733810424804688
2002-11-21,35.16446304321289,34.38726043701172,34.59345626831055,35.16446304321289,5701900.0,23.109060287475586
2002-11-22,35.20411682128906,34.379329681396484,34.69655227661133,34.815513610839844,4299200.0,22.879743576049805
2002-11-25,34.53001022338867,33.46730422973633,34.2207145690918,33.9986572265625,3459200.0,22.34293556213379
2002-11-26,33.935211181640625,33.308692932128906,33.705223083496094,33.499027252197266,4015700.0,22.014585494995117
2002-11-27,34.498287200927734,33.5069580078125,33.54661178588867,34.31588363647461,1736600.0,22.551410675048828
2002-11-29,34.799652099609375,34.30002212524414,34.31588363647461,34.47449493408203,1141600.0,22.655630111694336
2002-12-02,34.88689041137695,34.418983459472656,34.537940979003906,34.69655227661133,2634500.0,22.801563262939453
2002-12-03,34.60138702392578,33.46730422973633,34.569664001464844,33.82418441772461,2847100.0,22.22825813293457
2002-12-04,34.57759475708008,33.586265563964844,33.705223083496094,34.39519119262695,3559000.0,22.6035213470459
2002-12-05,34.33174514770508,33.633846282958984,34.30002212524414,33.800392150878906,1772200.0,22.21263885498047
2002-12-06,33.633846282958984,33.078704833984375,33.30076217651367,33.43558120727539,3976800.0,21.97289276123047
2002-12-09,33.30076217651367,32.87250518798828,33.2373161315918,33.126285552978516,3351600.0,21.76962661743164
2002-12-10,33.38006591796875,32.80113220214844,33.126285552978516,33.03112030029297,2491900.0,21.707096099853516
2002-12-11,36.07648468017578,32.515628814697266,36.07648468017578,32.90422821044922,2359700.0,21.70254898071289
2002-12-12,33.15007781982422,32.594932556152344,32.832855224609375,32.86457443237305,1701600.0,21.6763916015625
2002-12-13,32.88836669921875,32.087371826171875,32.66630935668945,32.34115219116211,1629700.0,21.331157684326172
2002-12-16,32.42045974731445,31.952552795410156,32.11909484863281,32.198402404785156,3271200.0,21.237003326416016
2002-12-17,32.349082946777344,31.73842430114746,31.96048355102539,31.936691284179688,2223800.0,21.06439208984375
2002-12-18,31.762216567993164,30.969152450561523,31.73842430114746,31.24672508239746,4261700.0,20.609304428100586
2002-12-19,31.690841674804688,30.572620391845703,31.088111877441406,30.675718307495117,2901700.0,20.232694625854492
2002-12-20,31.460851669311523,30.75502586364746,30.75502586364746,31.238794326782227,4930200.0,20.60407829284668
2002-12-23,31.460851669311523,30.94536018371582,31.326030731201172,31.09604263305664,2124300.0,20.509923934936523
2002-12-24,31.230863571166992,30.85019302368164,30.85019302368164,31.024667739868164,847800.0,20.462844848632812
2002-12-26,31.746355056762695,30.889846801757812,31.00087547302246,30.953290939331055,1443700.0,20.415769577026367
2002-12-27,31.238794326782227,30.37435531616211,31.072250366210938,30.667787551879883,1555700.0,20.227466583251953
2002-12-30,30.92949867248535,30.461591720581055,30.731233596801758,30.75502586364746,2123400.0,20.285005569458008
2002-12-31,31.39740753173828,30.675718307495117,30.75502586364746,31.127765655517578,2784700.0,20.530845642089844
2003-01-02,32.23805618286133,31.16741943359375,31.175350189208984,32.214263916015625,2104400.0,21.24747085571289
2003-01-03,32.214263916015625,31.706703186035156,32.0318603515625,32.0318603515625,1666900.0,21.127161026000977
2003-01-06,32.36494445800781,31.56395149230957,31.56395149230957,32.11909484863281,2938600.0,21.1846981048584
2003-01-07,32.19047164916992,31.722562789916992,31.92082977294922,31.817731857299805,2448300.0,20.98592758178711
2003-01-08,31.90496826171875,31.20707130432129,31.627395629882812,31.5480899810791,1631900.0,20.808086395263672
2003-01-09,32.198402404785156,31.540159225463867,31.722562789916992,32.05564880371094,1763200.0,21.142852783203125
2003-01-10,32.16667938232422,31.56395149230957,31.722562789916992,31.71463394165039,2169900.0,20.917922973632812
2003-01-13,31.944622039794922,31.405338287353516,31.841524124145508,31.437061309814453,2165900.0,20.734846115112305
2003-01-14,31.64325714111328,31.238794326782227,31.365684509277344,31.310171127319336,2306500.0,20.651159286499023
2003-01-15,30.065059661865234,27.955509185791016,30.05712890625,28.796157836914062,15386500.0,18.992998123168945
2003-01-16,29.224411010742188,28.51065444946289,28.788227081298828,28.748573303222656,6273900.0,18.96161460876465
2003-01-17,28.748573303222656,28.35997200012207,28.740642547607422,28.629613876342773,3266500.0,18.883140563964844
2003-01-21,28.930978775024414,28.169635772705078,28.629613876342773,28.312387466430664,4577600.0,18.673921585083008
2003-01-22,28.52651596069336,28.20928955078125,28.3203182220459,28.3203182220459,6803200.0,18.679147720336914
2003-01-23,28.550308227539062,27.8524112701416,28.3203182220459,28.272735595703125,5335900.0,18.647764205932617
2003-01-24,28.106191635131836,27.558977127075195,27.915855407714844,27.757244110107422,5181700.0,18.307762145996094
2003-01-27,27.836549758911133,27.202098846435547,27.558977127075195,27.3607120513916,4164000.0,18.046220779418945
2003-01-28,27.995162963867188,27.217960357666016,27.368640899658203,27.915855407714844,3305700.0,18.41238021850586
2003-01-29,27.995162963867188,27.3369197845459,27.741382598876953,27.88413429260254,2471800.0,18.391456604003906
2003-01-30,27.89206314086914,26.892803192138672,27.89206314086914,26.892803192138672,4682800.0,17.737607955932617
2003-01-31,27.56690788269043,26.726259231567383,26.726259231567383,27.495532989501953,5582500.0,18.135143280029297
2003-02-03,27.638282775878906,26.797636032104492,27.51139259338379,26.96417999267578,4089600.0,17.784690856933594
2003-02-04,26.726259231567383,26.202836990356445,26.686607360839844,26.59143829345703,4241100.0,17.538837432861328
2003-02-05,26.90866470336914,26.321796417236328,26.599369049072266,26.750051498413086,3335100.0,17.643451690673828
2003-02-06,26.702468872070312,26.25042152404785,26.448686599731445,26.329727172851562,2885000.0,17.3662166595459
2003-02-07,26.670745849609375,26.147323608398438,26.440757751464844,26.17111587524414,2281100.0,17.2616024017334
2003-02-10,26.47247886657715,26.083877563476562,26.329727172851562,26.393173217773438,2123400.0,17.408065795898438
2003-02-11,26.52799415588379,26.052154541015625,26.393173217773438,26.52799415588379,3187800.0,17.496986389160156
2003-02-12,26.66281509399414,26.00457191467285,26.337657928466797,26.083877563476562,2532200.0,17.204065322875977
2003-02-13,26.25042152404785,25.298744201660156,26.012502670288086,25.60803985595703,3272000.0,16.890220642089844
2003-02-14,26.03629493713379,25.219438552856445,25.45735740661621,26.02043342590332,2897300.0,17.16221809387207
2003-02-18,27.05934715270996,26.702468872070312,26.805566787719727,26.995901107788086,2469000.0,17.805601119995117
2003-02-19,27.15451431274414,26.543855667114258,26.845218658447266,26.77384376525879,1705000.0,17.659151077270508
2003-02-20,27.162445068359375,26.686607360839844,27.035554885864258,26.750051498413086,1549700.0,17.643451690673828
2003-02-21,27.15451431274414,26.734189987182617,27.00383186340332,26.940387725830078,2852800.0,17.768991470336914
2003-02-24,26.646953582763672,25.655622482299805,26.6072998046875,25.655622482299805,2893400.0,16.921606063842773
2003-02-25,26.1156005859375,24.8942813873291,25.576316833496094,25.96491813659668,2856400.0,17.12560272216797
2003-02-26,25.94905662536621,25.385982513427734,25.893543243408203,25.560455322265625,2085600.0,16.858837127685547
2003-02-27,26.107669830322266,25.26702117919922,25.592178344726562,25.766653060913086,2362200.0,16.994842529296875
2003-02-28,26.147323608398438,25.647693634033203,26.052154541015625,25.77458381652832,2313500.0,17.000064849853516
2003-03-03,26.17111587524414,25.671483993530273,25.861820220947266,25.679414749145508,1805800.0,16.93729591369629
2003-03-04,25.576316833496094,25.07668685913086,25.41770362854004,25.148061752319336,2575100.0,16.586835861206055
2003-03-05,25.259090423583984,24.822906494140625,25.02117156982422,25.21150779724121,2435800.0,16.628679275512695
2003-03-06,24.862558364868164,24.442235946655273,24.822906494140625,24.6246395111084,3242100.0,16.24160385131836
2003-03-07,24.521541595458984,24.10121726989746,24.109148025512695,24.4025821685791,5953700.0,16.095136642456055
2003-03-10,24.386720657348633,23.9108829498291,24.386720657348633,23.95053482055664,5185100.0,15.79698657989502
2003-03-11,24.259830474853516,23.87122917175293,23.87122917175293,24.061565399169922,4943800.0,15.870214462280273
2003-03-12,24.180524826049805,23.3953914642334,24.03777313232422,24.148801803588867,6880800.0,16.00759506225586
2003-03-13,23.92674446105957,21.603065490722656,23.92674446105957,21.61099624633789,31330800.0,14.325346946716309
2003-03-14,23.07816505432129,21.61099624633789,21.618927001953125,22.634048461914062,12024000.0,15.003498077392578
2003-03-17,23.316083908081055,22.36440658569336,22.36440658569336,23.252639770507812,5585800.0,15.413542747497559
2003-03-18,23.585725784301758,23.316083908081055,23.371599197387695,23.355737686157227,4945100.0,15.48188304901123
2003-03-19,24.077425003051758,23.403322219848633,23.411251068115234,24.061565399169922,5620000.0,15.9497652053833
2003-03-20,24.537403106689453,24.029842376708984,24.069494247436523,24.426374435424805,4444100.0,16.19158935546875
2003-03-21,25.901473999023438,24.49774932861328,24.577056884765625,25.70320701599121,4729800.0,17.037960052490234
2003-03-24,24.949796676635742,24.386720657348633,24.862558364868164,24.450166702270508,3264100.0,16.20734977722168
2003-03-25,24.838768005371094,24.18845558166504,24.26776123046875,24.521541595458984,2739500.0,16.254667282104492
2003-03-26,24.74359893798828,23.593656539916992,23.593656539916992,24.553264617919922,3072600.0,16.275693893432617
2003-03-27,24.933935165405273,24.228107452392578,24.466026306152344,24.74359893798828,3565100.0,16.401865005493164
2003-03-28,24.727737426757812,24.521541595458984,24.58498764038086,24.592918395996094,2393200.0,16.301969528198242
2003-03-31,24.696016311645508,24.204315185546875,24.410512924194336,24.41844367980957,2276900.0,16.18632698059082
2003-04-01,24.783252716064453,24.426374435424805,24.481887817382812,24.688085556030273,3017700.0,16.365062713623047
2003-04-02,25.726999282836914,24.77532196044922,25.726999282836914,24.989450454711914,2581500.0,16.56483268737793
2003-04-03,25.06082534790039,24.561195373535156,24.96565818786621,24.767391204833984,3427000.0,16.41763687133789
2003-04-04,25.037033081054688,24.592918395996094,24.997379302978516,24.933935165405273,2331300.0,16.528034210205078
2003-04-07,25.79837417602539,25.17185401916504,25.615970611572266,25.179784774780273,3454300.0,16.690996170043945
2003-04-08,25.544593811035156,25.02117156982422,25.100479125976562,25.148061752319336,2725600.0,16.669973373413086
2003-04-09,25.782512664794922,24.862558364868164,25.148061752319336,24.941865921020508,2709200.0,16.533292770385742
2003-04-10,25.132200241088867,24.60877799987793,24.941865921020508,25.00531005859375,2100700.0,16.575342178344727
2003-04-11,25.806304931640625,24.74359893798828,25.45735740661621,25.068756103515625,2170900.0,16.617401123046875
2003-04-14,25.497011184692383,24.521541595458984,25.00531005859375,25.433565139770508,2119400.0,16.859216690063477
2003-04-15,25.63976287841797,25.1401309967041,25.433565139770508,25.30667495727539,2399700.0,16.77511215209961
2003-04-16,25.56838607788086,25.013240814208984,25.51287269592285,25.07668685913086,2700300.0,16.622655868530273
2003-04-17,26.091808319091797,24.822906494140625,25.07668685913086,25.996641159057617,3741200.0,17.232473373413086
2003-04-21,25.536663055419922,24.846698760986328,25.1401309967041,25.3780517578125,4169500.0,16.822418212890625
2003-04-22,26.488340377807617,25.3780517578125,25.3780517578125,26.290075302124023,4019500.0,17.426984786987305
2003-04-23,26.861080169677734,26.321796417236328,26.56764793395996,26.8531494140625,2498900.0,17.80022621154785
2003-04-24,26.96417999267578,26.369380950927734,26.393173217773438,26.710397720336914,3143500.0,17.705602645874023
2003-04-25,26.956249237060547,26.234560012817383,26.726259231567383,26.25042152404785,2778200.0,17.400691986083984
2003-04-28,27.122791290283203,26.242490768432617,26.290075302124023,27.0910701751709,2409000.0,17.957935333251953
2003-04-29,27.099000930786133,26.448686599731445,27.05934715270996,26.750051498413086,3331900.0,17.731884002685547
2003-04-30,26.702468872070312,26.34558868408203,26.43282699584961,26.670745849609375,3920300.0,17.679319381713867
2003-05-01,26.916595458984375,26.21076774597168,26.47247886657715,26.892803192138672,3046400.0,17.82651138305664
2003-05-02,27.202098846435547,26.654884338378906,26.995901107788086,27.083139419555664,2442600.0,17.952680587768555
2003-05-05,27.083139419555664,26.6072998046875,27.083139419555664,26.750051498413086,3355400.0,17.731884002685547
2003-05-06,27.3607120513916,26.765913009643555,26.805566787719727,27.07520866394043,3497100.0,17.947423934936523
2003-05-07,27.3607120513916,26.805566787719727,27.099000930786133,27.328989028930664,2818700.0,18.115646362304688
2003-05-08,27.45587921142578,26.900733947753906,27.130722045898438,27.027624130249023,2382400.0,17.915884017944336
2003-05-09,27.440017700195312,26.845218658447266,27.01969337463379,27.440017700195312,2449100.0,18.189241409301758
2003-05-12,27.8524112701416,27.027624130249023,27.162445068359375,27.757244110107422,2647900.0,18.399524688720703
2003-05-13,27.6065616607666,26.845218658447266,27.558977127075195,26.86901092529297,3882300.0,17.810739517211914
2003-05-14,27.130722045898438,26.726259231567383,26.96417999267578,26.96417999267578,2905100.0,17.87382698059082
2003-05-15,27.281404495239258,26.884872436523438,27.043485641479492,27.146583557128906,3415000.0,17.994735717773438
2003-05-16,27.194168090820312,26.49627113342285,26.900733947753906,26.77384376525879,4125000.0,17.747663497924805
2003-05-19,26.615230560302734,26.290075302124023,26.615230560302734,26.41696548461914,3100500.0,17.511091232299805
2003-05-20,26.77384376525879,26.17111587524414,26.52799415588379,26.34558868408203,2501100.0,17.463775634765625
2003-05-21,26.631092071533203,26.044225692749023,26.13146209716797,26.401103973388672,3417300.0,17.500579833984375
2003-05-22,26.6072998046875,26.17111587524414,26.59143829345703,26.313865661621094,2782200.0,17.4427490234375
2003-05-23,26.488340377807617,26.242490768432617,26.480409622192383,26.3614501953125,2770900.0,17.474292755126953
2003-05-27,26.686607360839844,26.17111587524414,26.25042152404785,26.575576782226562,3367900.0,17.61623191833496
2003-05-28,27.067277908325195,26.440757751464844,26.520063400268555,26.92452621459961,2573700.0,17.8475399017334
2003-05-29,26.900733947753906,26.543855667114258,26.8531494140625,26.821428298950195,2902000.0,17.77920150756836
2003-05-30,27.677936553955078,26.972108840942383,27.0910701751709,27.677936553955078,3418800.0,18.34695053100586
2003-06-02,28.613752365112305,27.725521087646484,27.757244110107422,28.248943328857422,5045900.0,18.7254581451416
2003-06-03,28.352041244506836,27.915855407714844,28.153776168823242,28.185497283935547,4902500.0,18.68340492248535
2003-06-04,28.169635772705078,27.757244110107422,28.161705017089844,27.995162963867188,3641800.0,18.557235717773438
2003-06-05,27.995162963867188,27.447948455810547,27.995162963867188,27.543115615844727,4719700.0,18.257587432861328
2003-06-06,28.241012573242188,27.685867309570312,27.709659576416016,27.8524112701416,4646700.0,18.46261215209961
2003-06-09,27.73345184326172,27.05934715270996,27.64621353149414,27.241750717163086,2571900.0,18.057817459106445
2003-06-10,27.62242317199707,26.940387725830078,27.24968147277832,27.62242317199707,1946300.0,18.310161590576172
2003-06-11,27.677936553955078,26.845218658447266,27.527254104614258,27.440017700195312,3366200.0,18.26860809326172
2003-06-12,27.638282775878906,27.027624130249023,27.638282775878906,27.23381996154785,3686900.0,18.131332397460938
2003-06-13,27.281404495239258,26.805566787719727,27.281404495239258,27.051416397094727,3143800.0,18.009891510009766
2003-06-16,27.88413429260254,26.98797035217285,27.106929779052734,27.773103713989258,3074200.0,18.4903621673584
2003-06-17,28.12998390197754,27.677936553955078,27.8524112701416,28.066537857055664,3119900.0,18.68572998046875
2003-06-18,28.542377471923828,27.685867309570312,27.765172958374023,28.12998390197754,2686700.0,18.72796630859375
2003-06-19,27.955509185791016,27.558977127075195,27.765172958374023,27.788965225219727,3936900.0,18.500925064086914
2003-06-20,28.26480484008789,27.757244110107422,27.971370697021484,28.01895523071289,3156900.0,18.654052734375
2003-06-23,27.90792465209961,27.447948455810547,27.773103713989258,27.693798065185547,3709100.0,18.43756675720215
2003-06-24,27.96343994140625,27.543115615844727,27.749313354492188,27.543115615844727,2284800.0,18.337247848510742
2003-06-25,27.709659576416016,27.00383186340332,27.55104637145996,27.00383186340332,2233100.0,17.97821044921875
2003-06-26,27.3369197845459,26.81349754333496,27.122791290283203,27.21002960205078,1740900.0,18.115493774414062
2003-06-27,27.40036392211914,26.59143829345703,27.3607120513916,26.694538116455078,2717800.0,17.77229881286621
2003-06-30,27.479671478271484,26.631092071533203,26.805566787719727,26.8531494140625,2722200.0,17.877893447875977
2003-07-01,27.24968147277832,26.52799415588379,26.77384376525879,27.194168090820312,2024200.0,18.10492515563965
2003-07-02,27.899993896484375,27.194168090820312,27.194168090820312,27.773103713989258,3409700.0,18.4903621673584
2003-07-03,27.94757843017578,27.368640899658203,27.614492416381836,27.503461837768555,1522200.0,18.310848236083984
2003-07-07,28.233081817626953,27.558977127075195,27.70172882080078,28.153776168823242,2975600.0,18.743804931640625
2003-07-08,28.41548728942871,27.899993896484375,27.955509185791016,28.41548728942871,1759000.0,18.918045043945312
2003-07-09,28.796157836914062,28.12998390197754,28.241012573242188,28.5899600982666,4779400.0,19.03419303894043
2003-07-10,28.47100067138672,27.8286190032959,28.3203182220459,27.94757843017578,2736700.0,18.606521606445312
2003-07-11,28.272735595703125,27.638282775878906,27.685867309570312,28.0744686126709,1921200.0,18.690998077392578
2003-07-14,28.86753273010254,28.0744686126709,28.272735595703125,28.827878952026367,3867400.0,19.19260025024414
2003-07-15,29.137174606323242,28.788227081298828,28.883394241333008,28.86753273010254,2673800.0,19.2189998626709
2003-07-16,29.224411010742188,28.732711791992188,29.089590072631836,29.121313095092773,2775400.0,19.387964248657227
2003-07-17,28.899255752563477,28.106191635131836,28.788227081298828,28.51065444946289,2987800.0,18.98140525817871
2003-07-18,28.843740463256836,28.26480484008789,28.740642547607422,28.732711791992188,2235100.0,19.129240036010742
2003-07-21,28.77236557006836,28.011024475097656,28.550308227539062,28.145845413208008,2234200.0,18.738525390625
2003-07-22,28.740642547607422,27.836549758911133,27.94757843017578,28.629613876342773,2335100.0,19.060590744018555
2003-07-23,28.52651596069336,27.765172958374023,28.43927764892578,28.478931427001953,2314300.0,18.960277557373047
2003-07-24,28.899255752563477,28.169635772705078,28.669267654418945,28.256874084472656,2294200.0,18.812440872192383
2003-07-25,29.327510833740234,28.177566528320312,28.201358795166016,29.20855140686035,2696500.0,19.446033477783203
2003-07-28,29.517845153808594,29.026145935058594,29.145105361938477,29.200620651245117,2942800.0,19.440753936767578
2003-07-29,28.71685028076172,27.788965225219727,28.352041244506836,28.478931427001953,5905300.0,18.960277557373047
2003-07-30,29.05786895751953,28.399625778198242,28.780296325683594,28.693058013916016,3281200.0,19.102840423583984
2003-07-31,30.017475128173828,28.629613876342773,28.946840286254883,29.406816482543945,4693300.0,19.578035354614258
2003-08-01,29.58129119873047,29.176828384399414,29.406816482543945,29.383024215698242,3246300.0,19.56219482421875
2003-08-04,29.620943069458008,29.010284423828125,29.30371856689453,29.49405288696289,1868900.0,19.636112213134766
2003-08-05,29.82714080810547,29.145105361938477,29.383024215698242,29.18475914001465,3173300.0,19.430200576782227
2003-08-06,29.54956817626953,29.137174606323242,29.327510833740234,29.256134033203125,3615800.0,19.477720260620117
2003-08-07,29.73197364807129,29.11338233947754,29.160966873168945,29.67645835876465,2981600.0,19.75754737854004
2003-08-08,30.26332664489746,29.73197364807129,29.73990249633789,30.16815757751465,2648000.0,20.084903717041016
2003-08-11,30.295047760009766,29.67645835876465,30.13643455505371,30.049198150634766,1634200.0,20.005708694458008
2003-08-12,30.199880599975586,29.747833251953125,30.19194984436035,30.184019088745117,2451300.0,20.095468521118164
2003-08-13,30.493314743041992,29.86679458618164,30.382286071777344,30.39814567565918,2557500.0,20.23802947998047
2003-08-14,31.556020736694336,30.43779945373535,30.53296661376953,31.01673698425293,4320200.0,20.649864196777344
2003-08-15,31.16741943359375,30.75502586364746,31.01673698425293,30.937429428100586,1304200.0,20.597061157226562
2003-08-18,31.119834899902344,30.85019302368164,30.85019302368164,30.881916046142578,1913500.0,20.560108184814453
2003-08-19,31.230863571166992,30.691579818725586,30.92156982421875,31.0325984954834,1665500.0,20.660423278808594
2003-08-20,31.127765655517578,30.873985290527344,30.969152450561523,30.96122169494629,1181400.0,20.612899780273438
2003-08-21,31.56395149230957,30.992944717407227,31.0325984954834,31.484643936157227,2102300.0,20.961380004882812
2003-08-22,31.722562789916992,31.15155792236328,31.67498016357422,31.215002059936523,2181800.0,20.781858444213867
2003-08-25,31.270517349243164,30.834331512451172,31.20707130432129,31.088111877441406,1115900.0,20.697383880615234
2003-08-26,31.294309616088867,30.56468963623047,31.088111877441406,31.254655838012695,1647100.0,20.808269500732422
2003-08-27,31.389476776123047,30.818470001220703,31.24672508239746,31.333961486816406,2138400.0,20.861059188842773
2003-08-28,31.373615264892578,30.992944717407227,31.34189224243164,31.143627166748047,1796300.0,20.73434066772461
2003-08-29,31.67498016357422,31.088111877441406,31.15155792236328,31.651187896728516,1715200.0,21.072263717651367
2003-09-02,32.11909484863281,31.627395629882812,31.64325714111328,32.0477180480957,2961200.0,21.336259841918945
2003-09-03,32.2777099609375,31.746355056762695,32.0477180480957,31.841524124145508,2566300.0,21.1989803314209
2003-09-04,31.92082977294922,31.595672607421875,31.722562789916992,31.84945297241211,2171500.0,21.20426368713379
2003-09-05,31.722562789916992,31.24672508239746,31.444992065429688,31.682910919189453,3306600.0,21.09337615966797
2003-09-08,32.13495635986328,31.26258659362793,31.484643936157227,32.11116409301758,2920100.0,21.378496170043945
2003-09-09,31.841524124145508,31.119834899902344,31.841524124145508,31.127765655517578,2674200.0,20.72378158569336
2003-09-10,31.24672508239746,30.382286071777344,31.119834899902344,30.43779945373535,3120900.0,20.342849731445312
2003-09-11,30.56468963623047,29.969892501831055,30.493314743041992,30.310909271240234,5095600.0,20.25804901123047
2003-09-12,30.71537208557129,30.05712890625,30.37435531616211,30.651927947998047,3348700.0,20.485965728759766
2003-09-15,30.65985870361328,30.017475128173828,30.65985870361328,30.017475128173828,2968500.0,20.061931610107422
2003-09-16,30.231603622436523,29.914377212524414,30.13643455505371,30.231603622436523,3973400.0,20.20504379272461
2003-09-17,30.37435531616211,29.787487030029297,30.295047760009766,30.088851928710938,2852000.0,20.109630584716797
2003-09-18,30.643997192382812,30.096782684326172,30.199880599975586,30.501245498657227,3007300.0,20.385255813598633
2003-09-19,31.326030731201172,30.37435531616211,30.445730209350586,30.92949867248535,3254200.0,20.67147445678711
2003-09-22,30.53296661376953,30.15229606628418,30.45366096496582,30.382286071777344,2050300.0,20.30574607849121
2003-09-23,30.366424560546875,29.636804580688477,30.295047760009766,29.70025062561035,3468100.0,19.84991455078125
2003-09-24,29.858863830566406,29.192689895629883,29.763694763183594,29.319580078125,3597700.0,19.595491409301758
2003-09-25,29.41474723815918,29.065799713134766,29.34337043762207,29.065799713134766,2463400.0,19.425891876220703
2003-09-26,29.065799713134766,28.67719841003418,29.065799713134766,28.883394241333008,2582900.0,19.303977966308594
2003-09-29,29.089590072631836,28.582029342651367,28.85167121887207,28.732711791992188,2746300.0,19.203271865844727
2003-09-30,28.693058013916016,28.26480484008789,28.550308227539062,28.431346893310547,3328200.0,19.001855850219727
2003-10-01,29.049938201904297,28.43927764892578,28.478931427001953,29.01821517944336,3498600.0,19.394086837768555
2003-10-02,29.478191375732422,29.026145935058594,29.26406478881836,29.390954971313477,2974900.0,19.643205642700195
2003-10-03,30.255395889282227,29.390954971313477,29.390954971313477,29.92230796813965,3568700.0,19.998329162597656
2003-10-06,30.13643455505371,29.70025062561035,29.92230796813965,29.898515701293945,1738600.0,19.9824275970459
2003-10-07,30.517107009887695,29.75576400756836,29.898515701293945,30.485383987426758,3191100.0,20.374652862548828
2003-10-08,30.77088737487793,30.22367286682129,30.68364906311035,30.350563049316406,2655500.0,20.2845458984375
2003-10-09,31.088111877441406,30.429868698120117,31.008806228637695,30.580551147460938,2299800.0,20.438257217407227
2003-10-10,30.762956619262695,30.421937942504883,30.50917625427246,30.612274169921875,1839300.0,20.459457397460938
2003-10-13,31.040529251098633,30.588481903076172,30.85019302368164,30.802608489990234,1257100.0,20.586671829223633
2003-10-14,31.008806228637695,30.493314743041992,30.802608489990234,30.81053924560547,1797700.0,20.59196662902832
2003-10-15,31.49257469177246,30.778818130493164,31.286378860473633,30.826400756835938,2149600.0,20.602563858032227
2003-10-16,30.667787551879883,29.636804580688477,30.53296661376953,30.15229606628418,3823100.0,20.152036666870117
2003-10-17,30.92949867248535,29.90644645690918,30.92949867248535,30.26332664489746,3265300.0,20.226240158081055
2003-10-20,30.342632293701172,29.97782325744629,30.26332664489746,30.15229606628418,2077800.0,20.152036666870117
2003-10-21,30.334701538085938,29.985754013061523,30.13643455505371,30.295047760009766,2904600.0,20.24744415283203
2003-10-22,30.295047760009766,29.26406478881836,30.295047760009766,29.279926300048828,3618000.0,19.56899642944336
2003-10-23,29.49405288696289,29.145105361938477,29.287857055664062,29.35923194885254,2527800.0,19.62200355529785
2003-10-24,29.34337043762207,28.954769134521484,29.224411010742188,29.176828384399414,1811800.0,19.500097274780273
2003-10-27,29.35923194885254,28.994422912597656,29.24820327758789,29.09752082824707,2265500.0,19.447086334228516
2003-10-28,29.597152709960938,29.00235366821289,29.176828384399414,29.597152709960938,2230300.0,19.781002044677734
2003-10-29,29.54956817626953,29.224411010742188,29.30371856689453,29.279926300048828,2902000.0,19.56899642944336
2003-10-30,29.71611213684082,29.049938201904297,29.58129119873047,29.216480255126953,3334300.0,19.526594161987305
2003-10-31,30.184019088745117,29.422677993774414,29.501983642578125,29.930238723754883,2944000.0,20.00362777709961
2003-11-03,30.271255493164062,29.75576400756836,30.05712890625,29.79541778564453,2053300.0,19.913516998291016
2003-11-04,29.613012313842773,29.30371856689453,29.58129119873047,29.446470260620117,2012800.0,19.6803035736084
2003-11-05,29.39888572692871,28.946840286254883,29.105451583862305,29.375093460083008,3578100.0,19.632606506347656
2003-11-06,29.652666091918945,29.18475914001465,29.501983642578125,29.541637420654297,4008700.0,19.74390983581543
2003-11-07,30.731233596801758,29.779556274414062,30.088851928710938,30.31884002685547,4541900.0,20.263351440429688
2003-11-10,30.889846801757812,30.421937942504883,30.45366096496582,30.747095108032227,3024300.0,20.54956817626953
2003-11-11,31.381546020507812,30.834331512451172,30.913639068603516,31.19120979309082,4425800.0,20.846391677856445
2003-11-12,31.627395629882812,31.20707130432129,31.20707130432129,31.35775375366211,5483700.0,20.957698822021484
2003-11-13,31.5242977142334,30.92949867248535,31.35775375366211,31.373615264892578,3863700.0,20.96829605102539
2003-11-14,31.326030731201172,30.271255493164062,31.24672508239746,30.271255493164062,3852500.0,20.231538772583008
2003-11-17,30.176088333129883,29.803348541259766,30.144365310668945,30.07299041748047,2390000.0,20.099037170410156
2003-11-18,30.334701538085938,29.747833251953125,30.07299041748047,29.874723434448242,1870200.0,19.96651840209961
2003-11-19,30.16815757751465,29.747833251953125,29.90644645690918,30.104713439941406,1577800.0,20.120229721069336
2003-11-20,29.938169479370117,29.34337043762207,29.90644645690918,29.462331771850586,3166900.0,19.69090461730957
2003-11-21,29.620943069458008,29.34337043762207,29.478191375732422,29.390954971313477,2085800.0,19.643205642700195
2003-11-24,30.017475128173828,29.462331771850586,29.54956817626953,29.898515701293945,2460200.0,19.9824275970459
2003-11-25,30.017475128173828,29.58129119873047,29.66059684753418,29.73197364807129,3074200.0,19.87112045288086
2003-11-26,30.184019088745117,29.779556274414062,29.82714080810547,30.13643455505371,1998700.0,20.141429901123047
2003-11-28,30.651927947998047,30.05712890625,30.080921173095703,30.31884002685547,1075500.0,20.263351440429688
2003-12-01,30.92949867248535,30.35849380493164,30.691579818725586,30.873985290527344,3007800.0,20.63437271118164
2003-12-02,31.09604263305664,30.7867488861084,30.858123779296875,30.953290939331055,3789900.0,20.687374114990234
2003-12-03,30.969152450561523,30.350563049316406,30.92949867248535,30.493314743041992,2880700.0,20.37995719909668
2003-12-04,30.969152450561523,30.350563049316406,30.43779945373535,30.818470001220703,2129000.0,20.597265243530273
2003-12-05,30.92156982421875,30.461591720581055,30.723302841186523,30.818470001220703,2201800.0,20.597265243530273
2003-12-08,30.881916046142578,30.37435531616211,30.636066436767578,30.68364906311035,1828300.0,20.50716781616211
2003-12-09,30.913639068603516,30.45366096496582,30.731233596801758,30.612274169921875,2105300.0,20.459457397460938
2003-12-10,30.913639068603516,30.310909271240234,30.406076431274414,30.46952247619629,1892400.0,20.457612991333008
2003-12-11,30.92949867248535,30.651927947998047,30.691579818725586,30.873985290527344,1865400.0,20.729177474975586
2003-12-12,30.873985290527344,30.37435531616211,30.85019302368164,30.747095108032227,1741100.0,20.643980026245117
2003-12-15,31.127765655517578,30.778818130493164,30.92949867248535,30.778818130493164,2684600.0,20.665279388427734
2003-12-16,31.127765655517578,30.85019302368164,30.897777557373047,31.0563907623291,2709300.0,20.851638793945312
2003-12-17,31.080181121826172,30.382286071777344,30.937429428100586,30.572620391845703,2993000.0,20.52683448791504
2003-12-18,30.897777557373047,30.461591720581055,30.731233596801758,30.858123779296875,2521100.0,20.718524932861328
2003-12-19,30.85019302368164,30.160226821899414,30.85019302368164,30.37435531616211,3806100.0,20.393714904785156
2003-12-22,30.540897369384766,30.160226821899414,30.334701538085938,30.45366096496582,2272900.0,20.446969985961914
2003-12-23,30.651927947998047,30.334701538085938,30.334701538085938,30.643997192382812,2208000.0,20.57475471496582
2003-12-24,30.762956619262695,30.612274169921875,30.62020492553711,30.69951057434082,888500.0,20.61203384399414
2003-12-26,30.92949867248535,30.731233596801758,30.762956619262695,30.842262268066406,678000.0,20.707874298095703
2003-12-29,31.0325984954834,30.628135681152344,30.818470001220703,31.0325984954834,2210500.0,20.835670471191406
2003-12-30,31.16741943359375,30.69951057434082,30.842262268066406,31.080181121826172,2419000.0,20.86761474609375
2003-12-31,31.619464874267578,31.048460006713867,31.048460006713867,31.41326904296875,2712900.0,21.09125518798828
2004-01-02,31.84945297241211,31.41326904296875,31.484643936157227,31.690841674804688,2375300.0,21.27762222290039
2004-01-05,32.65837860107422,31.865314483642578,31.881175994873047,32.62665557861328,3376100.0,21.905941009521484
2004-01-06,32.95974349975586,32.50769805908203,32.55528259277344,32.935951232910156,2701000.0,22.113601684570312
2004-01-07,32.9914665222168,32.531490325927734,32.73768615722656,32.761478424072266,2745700.0,21.9964599609375
2004-01-08,32.951812744140625,32.39666748046875,32.880435943603516,32.69803237915039,3644400.0,21.9538631439209
2004-01-09,32.475975036621094,31.936691284179688,32.41252899169922,31.952552795410156,3869000.0,21.453338623046875
2004-01-12,32.039791107177734,31.611534118652344,31.90496826171875,31.857383728027344,3287900.0,21.389432907104492
2004-01-13,32.230125427246094,31.722562789916992,32.00013732910156,31.801870346069336,2284000.0,21.352170944213867
2004-01-14,32.61872482299805,31.75428581237793,31.801870346069336,32.531490325927734,3335700.0,21.8420352935791
2004-01-15,32.7932014465332,32.214263916015625,32.690101623535156,32.58700180053711,1848200.0,21.879323959350586
2004-01-16,32.82492446899414,32.4997673034668,32.71389389038086,32.650447845458984,3051000.0,21.921916961669922
2004-01-20,32.571144104003906,32.11909484863281,32.475975036621094,32.43632125854492,2329400.0,21.77814292907715
2004-01-21,32.515628814697266,31.897037506103516,32.43632125854492,32.404598236083984,2506200.0,21.756847381591797
2004-01-22,33.633846282958984,32.16667938232422,32.23805618286133,33.27696990966797,3764000.0,22.342567443847656
2004-01-23,34.33174514770508,33.269039154052734,34.323814392089844,33.499027252197266,4889300.0,22.491655349731445
2004-01-26,33.57833480834961,33.197662353515625,33.2849006652832,33.56247329711914,2573000.0,22.534250259399414
2004-01-27,33.570404052734375,33.213523864746094,33.4831657409668,33.45144271850586,1935200.0,22.459716796875
2004-01-28,33.87969970703125,33.269039154052734,33.57833480834961,33.46730422973633,2443900.0,22.47035789489746
2004-01-29,34.379329681396484,33.79246139526367,33.84797668457031,34.181060791015625,5355800.0,22.949588775634766
2004-01-30,34.30002212524414,33.82418441772461,34.26036834716797,33.90348815917969,4231900.0,22.763216018676758
2004-02-02,34.65690231323242,33.90348815917969,33.94314193725586,34.418983459472656,3643400.0,23.10932731628418
2004-02-03,34.58552551269531,34.08589553833008,34.50621795654297,34.165199279785156,2765300.0,22.938934326171875
2004-02-04,34.418983459472656,33.586265563964844,34.21278381347656,33.84797668457031,2857200.0,22.725948333740234
2004-02-05,33.94314193725586,33.47523498535156,33.82418441772461,33.7528076171875,2349900.0,22.662044525146484
2004-02-06,34.28416061401367,33.5069580078125,33.633846282958984,34.20485305786133,2565200.0,22.96556282043457
2004-02-09,34.69655227661133,34.10968780517578,34.30002212524414,34.482425689697266,1879300.0,23.151926040649414
2004-02-10,34.83137512207031,34.28416061401367,34.379329681396484,34.83137512207031,2115400.0,23.38620948791504
2004-02-11,35.434104919433594,34.61724853515625,34.69655227661133,35.32307434082031,2264300.0,23.716339111328125
2004-02-12,35.35479736328125,34.942405700683594,35.07722473144531,35.29928207397461,1734200.0,23.700374603271484
2004-02-13,35.29928207397461,34.5141487121582,35.29928207397461,34.76792907714844,2240100.0,23.34361457824707
2004-02-17,35.37065887451172,34.783790588378906,34.855167388916016,35.291351318359375,1688100.0,23.695049285888672
2004-02-18,35.362728118896484,34.799652099609375,35.291351318359375,35.06929397583008,1477500.0,23.54595375061035
2004-02-19,35.172393798828125,34.2207145690918,35.061363220214844,34.30002212524414,2468500.0,23.02945327758789
2004-02-20,34.4903564453125,33.82418441772461,34.4903564453125,34.15726852416992,1761600.0,22.933610916137695
2004-02-23,34.323814392089844,33.45144271850586,34.181060791015625,33.69729232788086,1693200.0,22.624774932861328
2004-02-24,33.87969970703125,33.22938537597656,33.30076217651367,33.29283142089844,2742500.0,22.353221893310547
2004-02-25,33.46730422973633,33.18973159790039,33.30076217651367,33.38006591796875,1706300.0,22.411785125732422
2004-02-26,33.427650451660156,33.11835479736328,33.38006591796875,33.24524688720703,1825200.0,22.32126235961914
2004-02-27,33.9748649597168,32.650447845458984,32.650447845458984,33.66556930541992,2654300.0,22.603479385375977
2004-03-01,33.832115173339844,33.24524688720703,33.673500061035156,33.7528076171875,1636600.0,22.662044525146484
2004-03-02,35.09308624267578,33.96693420410156,34.062103271484375,34.21278381347656,2931500.0,22.97087860107422
2004-03-03,34.79172134399414,34.046241760253906,34.2207145690918,34.69655227661133,2242400.0,23.29568862915039
2004-03-04,35.33100509643555,34.569664001464844,34.57759475708008,35.28342056274414,2792400.0,23.689714431762695
2004-03-05,35.01377868652344,34.18899154663086,35.01377868652344,34.252437591552734,3514100.0,22.997509002685547
2004-03-08,34.54587173461914,33.92728042602539,34.27622985839844,33.951072692871094,3059600.0,22.795175552368164
2004-03-09,34.688621520996094,33.94314193725586,34.0224494934082,34.498287200927734,3223100.0,23.162574768066406
2004-03-10,35.13274002075195,34.10175704956055,35.01377868652344,34.18899154663086,2301500.0,22.954910278320312
2004-03-11,34.01451873779297,33.2373161315918,33.919349670410156,33.340415954589844,2331600.0,22.47720718383789
2004-03-12,33.427650451660156,32.92802047729492,33.2849006652832,33.36420822143555,2392000.0,22.493247985839844
2004-03-15,33.29283142089844,32.01599884033203,33.078704833984375,32.62665557861328,4034400.0,21.99601173400879
2004-03-16,33.094566345214844,32.68217086791992,32.91215896606445,32.92008972167969,2596900.0,22.193832397460938
2004-03-17,33.2849006652832,32.99939727783203,33.2611083984375,33.13421630859375,1617800.0,22.338191986083984
2004-03-18,33.18973159790039,32.75354766845703,33.094566345214844,33.023189544677734,1588100.0,22.263343811035156
2004-03-19,33.181800842285156,32.721824645996094,32.92008972167969,32.75354766845703,2468300.0,22.081554412841797
2004-03-22,32.38080596923828,31.98427391052246,32.317359924316406,32.26184844970703,1855500.0,21.75006675720215
2004-03-23,32.65837860107422,32.12702560424805,32.26184844970703,32.53942108154297,2274400.0,21.937191009521484
2004-03-24,32.67424011230469,32.32529067993164,32.45218276977539,32.50769805908203,3022600.0,21.915807723999023
2004-03-25,32.78527069091797,32.37287521362305,32.61872482299805,32.7456169128418,2923000.0,22.07621192932129
2004-03-26,32.78527069091797,32.42045974731445,32.75354766845703,32.65837860107422,2327200.0,22.017396926879883
2004-03-29,33.459373474121094,32.690101623535156,32.71389389038086,33.30076217651367,3627600.0,22.450469970703125
2004-03-30,33.41971969604492,32.99939727783203,33.308692932128906,33.308692932128906,1486600.0,22.455821990966797
2004-03-31,33.5069580078125,32.896297454833984,33.35627746582031,33.308692932128906,2572000.0,22.455821990966797
2004-04-01,33.705223083496094,33.17387008666992,33.18973159790039,33.41971969604492,2632500.0,22.53067398071289
2004-04-02,35.537200927734375,34.418983459472656,34.498287200927734,35.09308624267578,8148000.0,23.658811569213867
2004-04-05,35.75925827026367,35.25962829589844,35.28342056274414,35.7433967590332,3643800.0,24.097219467163086
2004-04-06,35.925804138183594,34.989986419677734,35.7275390625,35.2279052734375,2278000.0,23.74970245361328
2004-04-07,35.2516975402832,34.70448303222656,35.08515548706055,34.82344436645508,2501500.0,23.477025985717773
2004-04-08,35.50547790527344,34.96619415283203,35.20411682128906,35.14067077636719,1597200.0,23.69089698791504
2004-04-12,35.68788528442383,35.09308624267578,35.14067077636719,35.291351318359375,1643500.0,23.792476654052734
2004-04-13,35.67202377319336,34.86309814453125,35.473758697509766,34.9820556640625,1640200.0,23.583951950073242
2004-04-14,35.172393798828125,34.537940979003906,34.855167388916016,35.172393798828125,3179800.0,23.7122802734375
2004-04-15,36.473018646240234,35.2516975402832,35.291351318359375,36.346126556396484,5138100.0,24.50358009338379
2004-04-16,36.346126556396484,35.854427337646484,36.346126556396484,36.17958450317383,3660900.0,24.391294479370117
2004-04-19,36.084415435791016,35.592716217041016,36.02096939086914,35.648231506347656,1813100.0,24.033077239990234
2004-04-20,36.07648468017578,35.37065887451172,35.767189025878906,35.37065887451172,2503600.0,23.84593963623047
2004-04-21,35.94166564941406,35.37065887451172,35.37065887451172,35.79098129272461,2846700.0,24.12931251525879
2004-04-22,36.12406921386719,34.910682678222656,35.592716217041016,35.767189025878906,5322600.0,24.11327362060547
2004-04-23,36.28268051147461,35.71167755126953,36.28268051147461,35.9495964050293,1526300.0,24.236244201660156
2004-04-26,36.028900146484375,35.13274002075195,35.925804138183594,35.32307434082031,2359800.0,23.813854217529297
2004-04-27,35.80684280395508,35.172393798828125,35.4975471496582,35.275489807128906,1841100.0,23.781770706176758
2004-04-28,35.291351318359375,34.80758285522461,35.188255310058594,34.89482116699219,1540100.0,23.525142669677734
2004-04-29,35.57685470581055,34.664833068847656,35.01377868652344,34.77585983276367,2279400.0,23.444942474365234
2004-04-30,35.188255310058594,34.553802490234375,34.93447494506836,34.744136810302734,2215800.0,23.42356300354004
2004-05-03,35.307212829589844,34.855167388916016,34.926544189453125,35.03757095336914,2208700.0,23.621381759643555
2004-05-04,35.68788528442383,35.03757095336914,35.09308624267578,35.402381896972656,2531300.0,23.867326736450195
2004-05-05,35.56099319458008,35.01377868652344,35.35479736328125,35.39445114135742,1414700.0,23.861976623535156
2004-05-06,35.925804138183594,35.172393798828125,35.19618606567383,35.88615036010742,2899200.0,24.1934871673584
2004-05-07,36.86161804199219,35.965457916259766,35.965457916259766,36.50474166870117,5403300.0,24.610509872436523
2004-05-10,37.51986312866211,36.48094940185547,36.50474166870117,37.14712142944336,8243900.0,25.043581008911133
2004-05-11,37.14712142944336,36.4888801574707,37.004371643066406,37.14712142944336,3659400.0,25.043581008911133
2004-05-12,36.956787109375,36.05269241333008,36.948856353759766,36.69507598876953,2801900.0,24.73883056640625
2004-05-13,36.790245056152344,36.155792236328125,36.473018646240234,36.346126556396484,3072700.0,24.50358009338379
2004-05-14,36.48094940185547,35.88615036010742,36.1954460144043,36.06855392456055,2511300.0,24.31644058227539
2004-05-17,35.664093017578125,35.14067077636719,35.33100509643555,35.37065887451172,3782100.0,23.84593963623047
2004-05-18,35.7433967590332,35.21204376220703,35.434104919433594,35.346866607666016,2585600.0,23.829904556274414
2004-05-19,35.648231506347656,35.235836029052734,35.402381896972656,35.25962829589844,2240700.0,23.771089553833008
2004-05-20,35.39445114135742,34.7362060546875,35.172393798828125,35.10894775390625,3883900.0,23.669511795043945
2004-05-21,35.16446304321289,34.87895965576172,35.05343246459961,35.116878509521484,2908800.0,23.67485237121582
2004-05-24,35.473758697509766,34.989986419677734,35.219974517822266,35.10894775390625,1973600.0,23.669511795043945
2004-05-25,35.965457916259766,35.4578971862793,35.52927017211914,35.90201187133789,4476600.0,24.204166412353516
2004-05-26,35.925804138183594,35.48961639404297,35.925804138183594,35.56099319458008,2902900.0,23.974262237548828
2004-05-27,35.64030075073242,35.2279052734375,35.608577728271484,35.41031265258789,3532000.0,23.872676849365234
2004-05-28,35.50547790527344,35.20411682128906,35.44996643066406,35.235836029052734,2477600.0,23.755043029785156
2004-06-01,35.235836029052734,34.86309814453125,35.235836029052734,34.974124908447266,3072100.0,23.5786190032959
2004-06-02,35.045501708984375,34.86309814453125,35.01377868652344,34.89482116699219,3329500.0,23.525142669677734
2004-06-03,35.26755905151367,34.783790588378906,35.09308624267578,35.21204376220703,4790700.0,23.7390079498291
2004-06-04,35.735469818115234,35.12480926513672,35.68788528442383,35.2279052734375,3628800.0,23.74970245361328
2004-06-07,35.75925827026367,35.25962829589844,35.41031265258789,35.679954528808594,2000000.0,24.054454803466797
2004-06-08,35.77511978149414,35.37858963012695,35.51340866088867,35.57685470581055,2717000.0,23.984956741333008
2004-06-09,35.65616226196289,35.26755905151367,35.481685638427734,35.346866607666016,2575500.0,23.924047470092773
2004-06-10,35.648231506347656,35.307212829589844,35.608577728271484,35.434104919433594,2145000.0,23.98310089111328
2004-06-14,35.41031265258789,34.87895965576172,35.41031265258789,34.88689041137695,1890600.0,23.61271095275879
2004-06-15,35.31514358520508,34.91861343383789,34.99791717529297,35.116878509521484,2448900.0,23.768383026123047
2004-06-16,35.2516975402832,34.688621520996094,35.2516975402832,34.77585983276367,1920600.0,23.53757095336914
2004-06-17,34.69655227661133,34.05417251586914,34.664833068847656,34.553802490234375,2137300.0,23.38726806640625
2004-06-18,34.89482116699219,34.2207145690918,34.56173324584961,34.53001022338867,2319300.0,23.37116813659668
2004-06-21,34.553802490234375,34.14934158325195,34.45070266723633,34.196922302246094,1732600.0,23.145721435546875
2004-06-22,34.65690231323242,34.17313003540039,34.196922302246094,34.569664001464844,1506700.0,23.39800453186035
2004-06-23,35.061363220214844,34.31588363647461,34.45863342285156,34.9820556640625,2215800.0,23.6771297454834
2004-06-24,35.19618606567383,34.40312194824219,34.86309814453125,34.688621520996094,2117500.0,23.478525161743164
2004-06-25,34.57759475708008,33.5069580078125,34.57759475708008,33.65763854980469,4830000.0,22.780710220336914
2004-06-28,34.046241760253906,33.46730422973633,33.92728042602539,33.5307502746582,2588400.0,22.694835662841797
2004-06-29,33.689361572265625,33.459373474121094,33.54661178588867,33.459373474121094,3229800.0,22.646530151367188
2004-06-30,33.60212707519531,33.0152587890625,33.53868103027344,33.213523864746094,3319500.0,22.480127334594727
2004-07-01,33.52281951904297,32.69803237915039,33.387996673583984,32.91215896606445,4485000.0,22.276145935058594
2004-07-02,32.80113220214844,31.627395629882812,32.7932014465332,31.64325714111328,7428200.0,21.417312622070312
2004-07-06,32.475975036621094,31.667049407958984,31.722562789916992,32.333221435546875,6674700.0,21.884302139282227
2004-07-07,32.634586334228516,32.158748626708984,32.198402404785156,32.39666748046875,3432400.0,21.927244186401367
2004-07-08,32.71389389038086,32.071510314941406,32.37287521362305,32.07944107055664,3262000.0,21.71253776550293
2004-07-09,32.515628814697266,32.09530258178711,32.198402404785156,32.12702560424805,1971200.0,21.744739532470703
2004-07-12,32.29357147216797,31.881175994873047,32.12702560424805,32.11116409301758,1771600.0,21.733999252319336
2004-07-13,32.35701370239258,32.0080680847168,32.230125427246094,32.05564880371094,2495300.0,21.696430206298828
2004-07-14,31.928760528564453,30.953290939331055,31.7701473236084,31.11190414428711,4986000.0,21.05767250061035
2004-07-15,31.968414306640625,31.42913055419922,31.5242977142334,31.67498016357422,3384300.0,21.438779830932617
2004-07-16,31.952552795410156,31.651187896728516,31.881175994873047,31.730493545532227,3135600.0,21.476348876953125
2004-07-19,31.88910675048828,31.690841674804688,31.7939395904541,31.82566261291504,2300600.0,21.5407657623291
2004-07-20,31.96048355102539,31.64325714111328,31.746355056762695,31.873245239257812,2054300.0,21.572975158691406
2004-07-21,32.39666748046875,31.690841674804688,31.936691284179688,31.778078079223633,1775900.0,21.508556365966797
2004-07-22,31.7939395904541,31.437061309814453,31.64325714111328,31.64325714111328,1848100.0,21.417312622070312
2004-07-23,31.619464874267578,31.294309616088867,31.56395149230957,31.421199798583984,1604300.0,21.267013549804688
2004-07-26,31.45292091369629,30.81053924560547,31.41326904296875,31.326030731201172,2031000.0,21.202587127685547
2004-07-27,32.832855224609375,31.635326385498047,32.01599884033203,32.62665557861328,4048100.0,22.082908630371094
2004-07-28,33.07077407836914,32.158748626708984,33.07077407836914,32.58700180053711,2328200.0,22.056074142456055
2004-07-29,33.308692932128906,32.61872482299805,32.65837860107422,33.17387008666992,2221200.0,22.453283309936523
2004-07-30,33.29283142089844,32.68217086791992,32.9914665222168,33.29283142089844,1966400.0,22.533798217773438
2004-08-02,33.20559310913086,32.84871292114258,32.951812744140625,33.11042404174805,1342400.0,22.410348892211914
2004-08-03,33.10249328613281,32.73768615722656,32.91215896606445,32.840782165527344,1475200.0,22.227840423583984
2004-08-04,32.84871292114258,32.444252014160156,32.579071044921875,32.72975540161133,1271100.0,22.15268898010254
2004-08-05,32.594932556152344,32.11909484863281,32.594932556152344,32.24598693847656,1476200.0,21.82525634765625
2004-08-06,31.897037506103516,31.008806228637695,31.64325714111328,31.143627166748047,3545500.0,21.079145431518555
2004-08-09,31.20707130432129,30.636066436767578,31.16741943359375,30.834331512451172,2788800.0,20.86980438232422
2004-08-10,31.008806228637695,30.612274169921875,30.92949867248535,30.92949867248535,2404400.0,20.93421173095703
2004-08-11,31.2784481048584,30.628135681152344,30.77088737487793,31.127765655517578,2498300.0,21.068403244018555
2004-08-12,31.143627166748047,30.77088737487793,31.008806228637695,30.881916046142578,1710300.0,20.90200424194336
2004-08-13,31.18328094482422,30.77088737487793,30.7867488861084,31.088111877441406,1602900.0,21.041566848754883
2004-08-16,31.71463394165039,31.040529251098633,31.072250366210938,31.651187896728516,1725100.0,21.422677993774414
2004-08-17,31.84945297241211,31.484643936157227,31.651187896728516,31.67498016357422,1327100.0,21.438779830932617
2004-08-18,31.82566261291504,31.5242977142334,31.67498016357422,31.817731857299805,1425600.0,21.535398483276367
2004-08-19,31.801870346069336,31.437061309814453,31.682910919189453,31.540159225463867,1642300.0,21.347530364990234
2004-08-20,31.71463394165039,31.373615264892578,31.444992065429688,31.682910919189453,1871800.0,21.44414710998535
2004-08-23,31.80980110168457,31.571882247924805,31.762216567993164,31.627395629882812,1254100.0,21.40657615661621
2004-08-24,32.087371826171875,31.722562789916992,31.82566261291504,31.952552795410156,2464600.0,21.62665367126465
2004-08-25,32.317359924316406,31.873245239257812,31.928760528564453,32.18254089355469,1702200.0,21.782318115234375
2004-08-26,32.158748626708984,31.722562789916992,32.0080680847168,31.75428581237793,1572800.0,21.49246597290039
2004-08-27,31.801870346069336,31.5480899810791,31.60360336303711,31.611534118652344,1267200.0,21.39583969116211
2004-08-30,31.682910919189453,31.365684509277344,31.389476776123047,31.5242977142334,1266400.0,21.3367977142334
2004-08-31,31.82566261291504,31.215002059936523,31.56395149230957,31.540159225463867,1501800.0,21.347530364990234
2004-09-01,31.82566261291504,31.41326904296875,31.540159225463867,31.7939395904541,1519500.0,21.519290924072266
2004-09-02,32.49183654785156,31.762216567993164,31.7701473236084,32.43632125854492,1665100.0,21.954086303710938
2004-09-03,32.90422821044922,32.39666748046875,32.444252014160156,32.62665557861328,1869300.0,22.082908630371094
2004-09-07,32.98353576660156,32.38080596923828,32.71389389038086,32.594932556152344,1870600.0,22.061437606811523
2004-09-08,32.967674255371094,32.349082946777344,32.39666748046875,32.690101623535156,2574000.0,22.221298217773438
2004-09-09,32.85664367675781,32.24598693847656,32.69803237915039,32.29357147216797,2607900.0,21.951753616333008
2004-09-10,32.91215896606445,32.214263916015625,32.29357147216797,32.87250518798828,1466900.0,22.345285415649414
2004-09-13,33.625919342041016,32.832855224609375,32.91215896606445,32.86457443237305,2672000.0,22.339893341064453
2004-09-14,34.196922302246094,33.03112030029297,33.03112030029297,33.951072692871094,3156100.0,23.078454971313477
2004-09-15,33.951072692871094,33.30076217651367,33.951072692871094,33.7528076171875,1876600.0,22.943679809570312
2004-09-16,33.85590744018555,33.570404052734375,33.689361572265625,33.73694610595703,986100.0,22.932891845703125
2004-09-17,34.0224494934082,33.57833480834961,33.887630462646484,33.80832290649414,1984500.0,22.981412887573242
2004-09-20,33.86383819580078,33.40385818481445,33.78453063964844,33.61005783081055,1087600.0,22.846635818481445
2004-09-21,33.96693420410156,33.27696990966797,33.53868103027344,33.86383819580078,1572800.0,23.019147872924805
2004-09-22,33.66556930541992,33.22938537597656,33.554542541503906,33.324554443359375,2077300.0,22.652570724487305
2004-09-23,33.41178894042969,32.86457443237305,33.38006591796875,32.935951232910156,1603800.0,22.388418197631836
2004-09-24,33.29283142089844,32.78527069091797,32.86457443237305,32.92802047729492,1141700.0,22.38302230834961
2004-09-27,32.95974349975586,32.515628814697266,32.92802047729492,32.58700180053711,1305700.0,22.151214599609375
2004-09-28,32.761478424072266,32.43632125854492,32.594932556152344,32.53942108154297,1802400.0,22.118873596191406
2004-09-29,33.181800842285156,32.317359924316406,32.42839050292969,33.181800842285156,2177900.0,22.555532455444336
2004-09-30,33.142147064208984,32.64251708984375,32.951812744140625,32.7694091796875,2364700.0,22.275203704833984
2004-10-01,34.03831100463867,32.721824645996094,32.75354766845703,33.35627746582031,2185600.0,22.674137115478516
2004-10-04,34.181060791015625,33.41178894042969,33.61798858642578,34.077964782714844,2510800.0,23.164697647094727
2004-10-05,34.64104080200195,33.92728042602539,33.935211181640625,34.59345626831055,2532500.0,23.515111923217773
2004-10-06,34.72034454345703,34.07003402709961,34.54587173461914,34.7124137878418,1535500.0,23.59597396850586
2004-10-07,34.50621795654297,33.92728042602539,34.482425689697266,33.95900344848633,1678600.0,23.08383560180664
2004-10-08,33.78453063964844,32.91215896606445,33.78453063964844,33.0390510559082,2553600.0,22.458492279052734
2004-10-11,33.49109649658203,33.15800857543945,33.17387008666992,33.372135162353516,1232100.0,22.684911727905273
2004-10-12,33.41971969604492,32.935951232910156,33.38006591796875,33.17387008666992,1476300.0,22.550138473510742
2004-10-13,33.38006591796875,32.515628814697266,33.308692932128906,32.690101623535156,2270200.0,22.221298217773438
2004-10-14,32.75354766845703,32.26184844970703,32.634586334228516,32.32529067993164,1671400.0,21.973312377929688
2004-10-15,32.721824645996094,32.2539176940918,32.333221435546875,32.39666748046875,1460800.0,22.021833419799805
2004-10-18,32.91215896606445,31.97634506225586,32.23805618286133,32.880435943603516,1467000.0,22.35067367553711
2004-10-19,32.88836669921875,32.35701370239258,32.87250518798828,32.404598236083984,1449000.0,22.027223587036133
2004-10-20,32.3015022277832,31.746355056762695,32.2777099609375,32.11116409301758,1320500.0,21.8277587890625
2004-10-21,32.34115219116211,31.881175994873047,32.039791107177734,32.22219467163086,1396400.0,21.903228759765625
2004-10-22,32.2539176940918,31.556020736694336,32.09530258178711,31.75428581237793,1998700.0,21.58517074584961
2004-10-25,34.14141082763672,32.515628814697266,32.55528259277344,33.951072692871094,6486200.0,23.078454971313477
2004-10-26,33.78453063964844,33.15007781982422,33.15007781982422,33.76866912841797,3795600.0,22.95445442199707
2004-10-27,34.426910400390625,33.54661178588867,33.744876861572266,34.307952880859375,2789200.0,23.32103729248047
2004-10-28,34.537940979003906,33.94314193725586,34.10175704956055,34.363468170166016,1559100.0,23.35877799987793
2004-10-29,34.4665641784668,34.077964782714844,34.236576080322266,34.41105270385742,1566200.0,23.3911190032959
2004-11-01,35.14860153198242,34.10968780517578,34.30002212524414,34.7599983215332,4087800.0,23.62832260131836
2004-11-02,35.291351318359375,34.64104080200195,34.7362060546875,35.09308624267578,3074000.0,23.854740142822266
2004-11-03,35.41031265258789,34.783790588378906,35.291351318359375,34.99791717529297,2302800.0,23.790040969848633
2004-11-04,35.50547790527344,34.799652099609375,34.89482116699219,35.48961639404297,1920900.0,24.12428092956543
2004-11-05,36.13199996948242,34.91861343383789,35.679954528808594,35.38652038574219,4076300.0,24.05419921875
2004-11-08,35.7037467956543,35.29928207397461,35.44203567504883,35.664093017578125,2449700.0,24.242887496948242
2004-11-09,35.68788528442383,35.48961639404297,35.67202377319336,35.61650848388672,1829300.0,24.210540771484375
2004-11-10,35.894081115722656,35.41031265258789,35.62443923950195,35.664093017578125,1597400.0,24.242887496948242
2004-11-11,36.028900146484375,35.537200927734375,35.664093017578125,35.90201187133789,1406500.0,24.40461540222168
2004-11-12,36.00510787963867,35.4975471496582,35.735469818115234,35.981319427490234,1637600.0,24.45852279663086
2004-11-15,35.981319427490234,35.4578971862793,35.973388671875,35.894081115722656,1671200.0,24.399215698242188
2004-11-16,35.838565826416016,35.33100509643555,35.783050537109375,35.418243408203125,1465600.0,24.075773239135742
2004-11-17,35.981319427490234,35.4975471496582,35.592716217041016,35.94166564941406,1585400.0,24.431564331054688
2004-11-18,36.084415435791016,35.798912048339844,35.87821960449219,36.03683090209961,1978200.0,24.49625587463379
2004-11-19,36.16372299194336,35.63236999511719,36.14786148071289,35.679954528808594,1680500.0,24.253665924072266
2004-11-22,36.044761657714844,35.52927017211914,35.679954528808594,36.013038635253906,1814700.0,24.48008155822754
2004-11-23,35.91787338256836,35.48961639404297,35.608577728271484,35.75132751464844,1339000.0,24.30217933654785
2004-11-24,36.100276947021484,35.68788528442383,35.75132751464844,35.9971809387207,1138600.0,24.46930503845215
2004-11-26,36.06062316894531,35.553062438964844,35.7275390625,35.91787338256836,620100.0,24.415390014648438
2004-11-29,35.981319427490234,35.65616226196289,35.9495964050293,35.84649658203125,1360500.0,24.36686897277832
2004-11-30,36.20337677001953,35.783050537109375,35.84649658203125,36.10820770263672,2048900.0,24.544776916503906
2004-12-01,36.72679901123047,36.084415435791016,36.11613845825195,36.663352966308594,1582600.0,24.922147750854492
2004-12-02,36.67921447753906,36.211307525634766,36.28268051147461,36.50474166870117,1734300.0,24.81432342529297
2004-12-03,36.59990692138672,35.80684280395508,36.13199996948242,36.473018646240234,2475600.0,24.792760848999023
2004-12-06,36.50474166870117,36.20337677001953,36.473018646240234,36.32233428955078,1530300.0,24.690330505371094
2004-12-07,36.465087890625,35.94166564941406,36.30647277832031,35.94166564941406,1306500.0,24.431564331054688
2004-12-08,36.05269241333008,35.4975471496582,35.9971809387207,35.83063507080078,1489200.0,24.461580276489258
2004-12-09,35.84649658203125,35.172393798828125,35.48961639404297,35.62443923950195,2383300.0,24.320810317993164
2004-12-10,35.7275390625,35.291351318359375,35.48961639404297,35.521339416503906,1289300.0,24.250431060791016
2004-12-13,35.83063507080078,35.473758697509766,35.767189025878906,35.767189025878906,1043000.0,24.41827392578125
2004-12-14,35.75925827026367,35.307212829589844,35.65616226196289,35.44996643066406,1893500.0,24.201702117919922
2004-12-15,35.521339416503906,34.93447494506836,35.346866607666016,35.07722473144531,2124600.0,23.947227478027344
2004-12-16,35.26755905151367,34.83137512207031,34.83930587768555,35.03757095336914,1848500.0,23.920162200927734
2004-12-17,35.26755905151367,34.69655227661133,34.69655227661133,34.84723663330078,3639200.0,23.79022216796875
2004-12-20,35.35479736328125,34.989986419677734,35.045501708984375,35.25962829589844,2458600.0,24.071758270263672
2004-12-21,35.52927017211914,35.08515548706055,35.20411682128906,35.31514358520508,1675500.0,24.109661102294922
2004-12-22,35.767189025878906,35.235836029052734,35.32307434082031,35.473758697509766,1884800.0,24.217945098876953
2004-12-23,35.854427337646484,35.35479736328125,35.481685638427734,35.81477355957031,1881400.0,24.450754165649414
2004-12-27,35.77511978149414,35.26755905151367,35.7275390625,35.291351318359375,1482400.0,24.093412399291992
2004-12-28,35.60064697265625,35.13274002075195,35.2516975402832,35.48961639404297,1674300.0,24.228763580322266
2004-12-29,35.608577728271484,35.28342056274414,35.32307434082031,35.37858963012695,917000.0,24.15297508239746
2004-12-30,35.37065887451172,34.9820556640625,35.33100509643555,35.13274002075195,1596300.0,23.98513412475586
2004-12-31,35.346866607666016,35.05343246459961,35.26755905151367,35.172393798828125,1268200.0,24.012203216552734
2005-01-03,35.44996643066406,34.688621520996094,35.13274002075195,34.77585983276367,1673700.0,23.741491317749023
2005-01-04,34.89482116699219,34.133480072021484,34.79172134399414,34.2207145690918,1978100.0,23.362499237060547
2005-01-05,34.4665641784668,33.919349670410156,34.26036834716797,34.077964782714844,2578800.0,23.26502799987793
2005-01-06,34.05417251586914,33.64970779418945,33.98279571533203,33.84797668457031,2444600.0,23.10802459716797
2005-01-07,34.08589553833008,33.324554443359375,33.919349670410156,33.78453063964844,1876700.0,23.064701080322266
2005-01-10,34.062103271484375,33.60212707519531,33.71315383911133,33.80832290649414,2100300.0,23.080949783325195
2005-01-11,33.92728042602539,33.66556930541992,33.80832290649414,33.871768951416016,2158100.0,23.124265670776367
2005-01-12,33.887630462646484,33.2849006652832,33.78453063964844,33.56247329711914,2926200.0,22.913105010986328
2005-01-13,33.570404052734375,32.91215896606445,33.387996673583984,32.91215896606445,1923500.0,22.469141006469727
2005-01-14,33.625919342041016,33.078704833984375,33.078704833984375,33.625919342041016,3305400.0,22.956424713134766
2005-01-18,35.061363220214844,33.86383819580078,33.86383819580078,35.0058479309082,4785700.0,23.898496627807617
2005-01-19,35.25962829589844,34.728275299072266,34.974124908447266,34.83137512207031,4153200.0,23.779382705688477
2005-01-20,34.83137512207031,34.252437591552734,34.83137512207031,34.498287200927734,4351800.0,23.551986694335938
2005-01-21,35.05343246459961,33.86383819580078,34.498287200927734,33.96693420410156,4764600.0,23.189239501953125
2005-01-24,34.72034454345703,34.10968780517578,34.2207145690918,34.30002212524414,3212600.0,23.416635513305664
2005-01-25,34.728275299072266,34.307952880859375,34.363468170166016,34.60138702392578,2568100.0,23.62236976623535
2005-01-26,34.799652099609375,34.498287200927734,34.569664001464844,34.56173324584961,2604800.0,23.595306396484375
2005-01-27,34.60138702392578,33.98279571533203,34.569664001464844,34.22864532470703,2119400.0,23.367904663085938
2005-01-28,34.45863342285156,33.86383819580078,34.37139892578125,34.26036834716797,1601400.0,23.389562606811523
2005-01-31,34.553802490234375,34.22864532470703,34.30002212524414,34.482425689697266,2118900.0,23.541160583496094
2005-02-01,34.9582633972168,34.2207145690918,34.418983459472656,34.87895965576172,2434400.0,23.811878204345703
2005-02-02,34.9582633972168,34.379329681396484,34.75206756591797,34.625179290771484,2160200.0,23.63861656188965
2005-02-03,34.9820556640625,34.35553741455078,34.45863342285156,34.9820556640625,2311600.0,23.88226318359375
2005-02-04,35.01377868652344,34.498287200927734,34.974124908447266,35.01377868652344,2552200.0,23.90391731262207
2005-02-07,34.926544189453125,34.537940979003906,34.57759475708008,34.67276382446289,1718800.0,23.671104431152344
2005-02-08,34.871028900146484,34.40312194824219,34.537940979003906,34.7124137878418,1969400.0,23.698177337646484
2005-02-09,34.7124137878418,33.91141891479492,34.57759475708008,33.98279571533203,3166700.0,23.20006561279297
2005-02-10,34.165199279785156,33.72108459472656,34.15726852416992,33.72108459472656,2171100.0,23.021390914916992
2005-02-11,34.12554931640625,33.64177703857422,33.64177703857422,34.05417251586914,2203800.0,23.24879264831543
2005-02-14,34.181060791015625,33.744876861572266,34.181060791015625,33.744876861572266,1961600.0,23.037639617919922
2005-02-15,33.951072692871094,33.57833480834961,33.66556930541992,33.66556930541992,2140000.0,22.983495712280273
2005-02-16,33.72108459472656,33.269039154052734,33.5069580078125,33.4831657409668,2512800.0,22.858966827392578
2005-02-17,33.85590744018555,33.4831657409668,33.4831657409668,33.61005783081055,2087200.0,22.94559097290039
2005-02-18,33.689361572265625,33.27696990966797,33.66556930541992,33.27696990966797,2415800.0,22.71819305419922
2005-02-22,33.459373474121094,33.078704833984375,33.22938537597656,33.078704833984375,1872000.0,22.582836151123047
2005-02-23,33.832115173339844,32.61872482299805,33.126285552978516,33.253177642822266,2670200.0,22.70195770263672
2005-02-24,33.87969970703125,33.24524688720703,33.253177642822266,33.80832290649414,2222100.0,23.080949783325195
2005-02-25,34.21278381347656,33.744876861572266,33.86383819580078,34.10175704956055,2769800.0,23.281278610229492
2005-02-28,34.14934158325195,33.86383819580078,33.94314193725586,34.07003402709961,3297000.0,23.25962257385254
2005-03-01,34.38726043701172,33.90348815917969,34.062103271484375,34.10175704956055,2056800.0,23.281278610229492
2005-03-02,34.062103271484375,33.84004592895508,33.94314193725586,34.006587982177734,2248000.0,23.216304779052734
2005-03-03,34.01451873779297,33.72108459472656,33.9986572265625,33.84797668457031,1941300.0,23.10802459716797
2005-03-04,34.252437591552734,33.78453063964844,34.10175704956055,33.990726470947266,3839200.0,23.205476760864258
2005-03-07,34.498287200927734,33.94314193725586,33.94314193725586,34.38726043701172,2207600.0,23.476192474365234
2005-03-08,34.553802490234375,34.236576080322266,34.26036834716797,34.40312194824219,2750500.0,23.487028121948242
2005-03-09,34.40312194824219,34.05417251586914,34.181060791015625,34.307952880859375,3538700.0,23.422046661376953
2005-03-10,34.4903564453125,34.046241760253906,34.12554931640625,34.4903564453125,1898800.0,23.665611267089844
2005-03-11,34.7362060546875,34.379329681396484,34.379329681396484,34.50621795654297,2962000.0,23.676496505737305
2005-03-14,34.82344436645508,34.41105270385742,34.482425689697266,34.82344436645508,1697600.0,23.89415740966797
2005-03-15,35.28342056274414,34.87895965576172,34.89482116699219,35.07722473144531,3670700.0,24.068281173706055
2005-03-16,35.2516975402832,34.64104080200195,34.855167388916016,35.219974517822266,3347000.0,24.16623306274414
2005-03-17,35.56099319458008,35.09308624267578,35.19618606567383,35.42617416381836,3582000.0,24.30771827697754
2005-03-18,35.67202377319336,35.33893585205078,35.44996643066406,35.51340866088867,5036000.0,24.36758041381836
2005-03-21,35.68788528442383,35.402381896972656,35.44996643066406,35.608577728271484,2869900.0,24.432865142822266
2005-03-22,36.06855392456055,35.473758697509766,35.50547790527344,35.664093017578125,3177300.0,24.470964431762695
2005-03-23,35.965457916259766,35.41031265258789,35.48961639404297,35.84649658203125,3532600.0,24.59612464904785
2005-03-24,36.084415435791016,35.648231506347656,35.88615036010742,35.80684280395508,2206800.0,24.56892204284668
2005-03-28,36.07648468017578,35.87028884887695,35.87821960449219,35.94166564941406,1810500.0,24.661418914794922
2005-03-29,35.90201187133789,35.56892395019531,35.90201187133789,35.648231506347656,3304900.0,24.4600887298584
2005-03-30,35.767189025878906,35.58478546142578,35.648231506347656,35.679954528808594,3369700.0,24.481853485107422
2005-03-31,35.7433967590332,35.56892395019531,35.68788528442383,35.648231506347656,2493200.0,24.4600887298584
2005-04-01,35.68788528442383,35.307212829589844,35.648231506347656,35.553062438964844,2629900.0,24.394790649414062
2005-04-04,35.67202377319336,35.41031265258789,35.56892395019531,35.592716217041016,2602900.0,24.42198944091797
2005-04-05,35.94166564941406,35.608577728271484,35.68788528442383,35.82270431518555,1871100.0,24.579797744750977
2005-04-06,36.10820770263672,35.838565826416016,35.94166564941406,35.88615036010742,1562400.0,24.623334884643555
2005-04-07,36.06855392456055,35.86235809326172,35.973388671875,36.06062316894531,1538700.0,24.7430477142334
2005-04-08,36.13199996948242,35.84649658203125,35.909942626953125,35.87028884887695,1620300.0,24.612449645996094
2005-04-11,35.46582794189453,34.89482116699219,35.101016998291016,35.418243408203125,2445400.0,24.302278518676758
2005-04-12,35.65616226196289,35.02170944213867,35.291351318359375,35.60064697265625,2055800.0,24.427440643310547
2005-04-13,35.82270431518555,35.44996643066406,35.56892395019531,35.54513168334961,2513700.0,24.389341354370117
2005-04-14,35.648231506347656,35.26755905151367,35.56892395019531,35.307212829589844,2101900.0,24.226097106933594
2005-04-15,35.29928207397461,34.379329681396484,35.08515548706055,34.4665641784668,3019800.0,23.64927864074707
2005-04-18,34.553802490234375,34.117618560791016,34.20485305786133,34.38726043701172,2679800.0,23.594865798950195
2005-04-19,34.34760665893555,34.01451873779297,34.33967590332031,34.2207145690918,2068800.0,23.480594635009766
2005-04-20,34.38726043701172,33.90348815917969,34.14141082763672,33.951072692871094,1854400.0,23.295576095581055
2005-04-21,35.67202377319336,34.57759475708008,35.09308624267578,35.21204376220703,3117300.0,24.160791397094727
2005-04-22,35.41031265258789,34.871028900146484,35.41031265258789,35.16446304321289,2526900.0,24.128141403198242
2005-04-25,35.52927017211914,35.03757095336914,35.18032455444336,35.31514358520508,2470100.0,24.23154067993164
2005-04-26,35.33100509643555,34.609317779541016,35.32307434082031,34.609317779541016,2161700.0,23.747224807739258
2005-04-27,34.90275192260742,34.40312194824219,34.4665641784668,34.80758285522461,1942700.0,23.883272171020508
2005-04-28,34.76792907714844,34.236576080322266,34.609317779541016,34.33967590332031,1882800.0,23.56221580505371
2005-04-29,34.482425689697266,34.03831100463867,34.418983459472656,34.45070266723633,2429800.0,23.638391494750977
2005-05-02,34.89482116699219,34.45070266723633,34.45070266723633,34.75206756591797,1871300.0,23.845182418823242
2005-05-03,35.33893585205078,34.7599983215332,34.7599983215332,35.05343246459961,2348900.0,24.051965713500977
2005-05-04,35.33100509643555,34.942405700683594,35.275489807128906,35.116878509521484,1652600.0,24.095489501953125
2005-05-05,35.116878509521484,34.59345626831055,34.91861343383789,34.9820556640625,1541600.0,24.00299072265625
2005-05-06,35.291351318359375,34.87895965576172,35.13274002075195,34.910682678222656,1458600.0,23.95401382446289
2005-05-09,34.88689041137695,34.498287200927734,34.82344436645508,34.84723663330078,1451600.0,23.91048812866211
2005-05-10,34.59345626831055,34.18899154663086,34.53001022338867,34.307952880859375,2424800.0,23.540449142456055
2005-05-11,34.89482116699219,34.323814392089844,34.498287200927734,34.82344436645508,2177600.0,23.89415740966797
2005-05-12,34.88689041137695,34.63311004638672,34.87895965576172,34.855167388916016,1681100.0,23.915916442871094
2005-05-13,34.974124908447266,34.59345626831055,34.855167388916016,34.88689041137695,1967900.0,23.93768310546875
2005-05-16,35.029640197753906,34.783790588378906,34.96619415283203,34.89482116699219,1292800.0,23.943124771118164
2005-05-17,34.926544189453125,34.569664001464844,34.90275192260742,34.88689041137695,1572700.0,23.93768310546875
2005-05-18,35.09308624267578,34.688621520996094,34.89482116699219,35.09308624267578,2297700.0,24.079172134399414
2005-05-19,35.31514358520508,34.910682678222656,35.029640197753906,35.28342056274414,1512900.0,24.209762573242188
2005-05-20,35.4975471496582,35.116878509521484,35.291351318359375,35.44996643066406,1391800.0,24.32404327392578
2005-05-23,35.51340866088867,35.219974517822266,35.38652038574219,35.33100509643555,1904200.0,24.242412567138672
2005-05-24,35.38652038574219,34.942405700683594,35.172393798828125,35.33100509643555,1679200.0,24.242412567138672
2005-05-25,35.219974517822266,34.910682678222656,35.09308624267578,35.05343246459961,1597600.0,24.051965713500977
2005-05-26,35.402381896972656,35.01377868652344,35.19618606567383,35.18032455444336,1607300.0,24.1390323638916
2005-05-27,35.402381896972656,35.02170944213867,35.24376678466797,35.307212829589844,1175500.0,24.226097106933594
2005-05-31,35.18032455444336,34.70448303222656,35.18032455444336,34.7362060546875,2803900.0,23.83429527282715
2005-06-01,35.01377868652344,34.728275299072266,34.815513610839844,34.91861343383789,1902900.0,23.95945167541504
2005-06-02,35.172393798828125,34.7362060546875,34.7362060546875,35.05343246459961,1808800.0,24.051965713500977
2005-06-03,35.029640197753906,34.50621795654297,34.910682678222656,34.61724853515625,2003900.0,23.75267791748047
2005-06-06,34.76792907714844,34.38726043701172,34.50621795654297,34.728275299072266,2036400.0,23.82884979248047
2005-06-07,35.01377868652344,34.498287200927734,34.58552551269531,34.664833068847656,1555900.0,23.785320281982422
2005-06-08,34.67276382446289,34.062103271484375,34.65690231323242,34.15726852416992,2853400.0,23.54231834411621
2005-06-09,34.37139892578125,34.006587982177734,34.006587982177734,34.2445068359375,2337100.0,23.60245704650879
2005-06-10,34.41105270385742,33.832115173339844,34.2207145690918,34.03831100463867,2405300.0,23.460336685180664
2005-06-13,34.323814392089844,33.871768951416016,34.046241760253906,34.01451873779297,1807700.0,23.44393539428711
2005-06-14,34.03831100463867,33.760738372802734,34.03038024902344,33.90348815917969,1721800.0,23.36741065979004
2005-06-15,34.27622985839844,33.65763854980469,34.10175704956055,33.744876861572266,2468800.0,23.25809097290039
2005-06-16,34.046241760253906,33.744876861572266,33.84004592895508,33.94314193725586,2509600.0,23.394737243652344
2005-06-17,34.10175704956055,33.73694610595703,34.10175704956055,33.919349670410156,2998800.0,23.37834358215332
2005-06-20,33.92728042602539,33.69729232788086,33.816253662109375,33.7290153503418,2203500.0,23.247156143188477
2005-06-21,33.84004592895508,33.387996673583984,33.7290153503418,33.5069580078125,2936200.0,23.09410858154297
2005-06-22,33.64970779418945,33.29283142089844,33.514888763427734,33.29283142089844,2780900.0,22.946523666381836
2005-06-23,33.372135162353516,32.65837860107422,33.372135162353516,32.69803237915039,4671800.0,22.536569595336914
2005-06-24,32.777339935302734,32.15081787109375,32.67424011230469,32.269779205322266,4932600.0,22.24140167236328
2005-06-27,32.66630935668945,32.01599884033203,32.2777099609375,32.61872482299805,2775600.0,22.48191261291504
2005-06-28,33.935211181640625,33.15007781982422,33.15007781982422,33.61005783081055,3540800.0,23.165164947509766
2005-06-29,33.935211181640625,33.308692932128906,33.935211181640625,33.427650451660156,1990100.0,23.039445877075195
2005-06-30,33.66556930541992,33.24524688720703,33.34834671020508,33.2849006652832,2503700.0,22.941055297851562
2005-07-01,33.73694610595703,33.34834671020508,33.387996673583984,33.5307502746582,1510800.0,23.11050796508789
2005-07-05,33.586265563964844,33.308692932128906,33.39592742919922,33.45144271850586,2674200.0,23.055849075317383
2005-07-06,33.53868103027344,33.126285552978516,33.45144271850586,33.213523864746094,2322300.0,22.89186668395996
2005-07-07,33.308692932128906,32.68217086791992,33.07077407836914,33.11042404174805,1996500.0,22.820802688598633
2005-07-08,33.34834671020508,32.84871292114258,33.11042404174805,33.2849006652832,3316800.0,22.941055297851562
2005-07-11,33.61798858642578,33.126285552978516,33.40385818481445,33.61005783081055,3123900.0,23.165164947509766
2005-07-12,33.744876861572266,33.30076217651367,33.744876861572266,33.64970779418945,1789400.0,23.19249153137207
2005-07-13,33.68143081665039,33.36420822143555,33.570404052734375,33.459373474121094,1988500.0,23.06131362915039
2005-07-14,33.73694610595703,33.46730422973633,33.65763854980469,33.68143081665039,1368200.0,23.214357376098633
2005-07-15,33.9748649597168,33.625919342041016,33.68143081665039,33.9748649597168,1825000.0,23.41660499572754
2005-07-18,33.9748649597168,33.689361572265625,33.9748649597168,33.86383819580078,1577200.0,23.340078353881836
2005-07-19,34.41105270385742,33.871768951416016,33.9986572265625,34.34760665893555,2254100.0,23.673511505126953
2005-07-20,34.45863342285156,33.919349670410156,34.077964782714844,34.37139892578125,1718700.0,23.689910888671875
2005-07-21,34.942405700683594,34.27622985839844,34.31588363647461,34.688621520996094,2863500.0,23.908546447753906
2005-07-22,34.871028900146484,34.426910400390625,34.688621520996094,34.84723663330078,2308100.0,24.01787567138672
2005-07-25,35.4578971862793,34.67276382446289,34.9820556640625,34.7362060546875,3092100.0,23.941341400146484
2005-07-26,35.172393798828125,34.006587982177734,34.7124137878418,34.76792907714844,3488900.0,23.963211059570312
2005-07-27,34.926544189453125,34.59345626831055,34.69655227661133,34.926544189453125,2841300.0,24.072538375854492
2005-07-28,35.7433967590332,34.91861343383789,34.93447494506836,35.58478546142578,3697500.0,24.526216506958008
2005-07-29,35.61650848388672,35.219974517822266,35.41031265258789,35.219974517822266,2029100.0,24.274776458740234
2005-08-01,35.2516975402832,34.4665641784668,34.4665641784668,35.18032455444336,2022600.0,24.24744987487793
2005-08-02,35.44996643066406,35.116878509521484,35.21204376220703,35.18032455444336,1664500.0,24.24744987487793
2005-08-03,35.235836029052734,34.87895965576172,35.01377868652344,35.19618606567383,1976600.0,24.258378982543945
2005-08-04,35.156532287597656,34.815513610839844,35.14860153198242,34.88689041137695,1783100.0,24.04519271850586
2005-08-05,35.172393798828125,34.815513610839844,34.88689041137695,34.88689041137695,1336100.0,24.04519271850586
2005-08-08,35.12480926513672,34.871028900146484,34.926544189453125,34.89482116699219,1286700.0,24.050668716430664
2005-08-09,35.10894775390625,34.87895965576172,34.95033264160156,34.9582633972168,1275600.0,24.094392776489258
2005-08-10,35.65616226196289,35.05343246459961,35.09308624267578,35.18032455444336,2124500.0,24.24744987487793
2005-08-11,35.48961639404297,35.02170944213867,35.21204376220703,35.29928207397461,1236400.0,24.32944679260254
2005-08-12,35.48961639404297,35.13274002075195,35.29928207397461,35.307212829589844,1199900.0,24.334903717041016
2005-08-15,35.42617416381836,34.9820556640625,35.2279052734375,35.33893585205078,1161600.0,24.356765747070312
2005-08-16,35.362728118896484,34.9820556640625,35.2279052734375,34.9820556640625,1391400.0,24.110795974731445
2005-08-17,35.045501708984375,34.82344436645508,34.88689041137695,34.974124908447266,2073600.0,24.105329513549805
2005-08-18,35.12480926513672,34.69655227661133,34.88689041137695,34.96619415283203,1390200.0,24.09986114501953
2005-08-19,35.19618606567383,34.855167388916016,35.156532287597656,34.88689041137695,1532700.0,24.04519271850586
2005-08-22,35.25962829589844,34.744136810302734,34.89482116699219,34.942405700683594,1179700.0,24.083473205566406
2005-08-23,35.01377868652344,34.799652099609375,34.90275192260742,34.88689041137695,1686800.0,24.04519271850586
2005-08-24,35.05343246459961,34.680694580078125,34.83930587768555,34.69655227661133,2251500.0,23.914016723632812
2005-08-25,34.83930587768555,34.60138702392578,34.7362060546875,34.680694580078125,1542500.0,23.9030818939209
2005-08-26,34.680694580078125,34.33967590332031,34.680694580078125,34.41105270385742,2062700.0,23.71723747253418
2005-08-29,34.61724853515625,34.292091369628906,34.292091369628906,34.537940979003906,1299700.0,23.804697036743164
2005-08-30,34.39519119262695,34.10968780517578,34.39519119262695,34.252437591552734,2436500.0,23.60791778564453
2005-08-31,34.292091369628906,33.499027252197266,34.292091369628906,33.90348815917969,3162300.0,23.36741065979004
2005-09-01,33.92728042602539,33.39592742919922,33.887630462646484,33.499027252197266,2285500.0,23.088638305664062
2005-09-02,33.84797668457031,33.46730422973633,33.61798858642578,33.68143081665039,1796600.0,23.214357376098633
2005-09-06,34.10175704956055,33.800392150878906,33.80832290649414,33.951072692871094,2040500.0,23.40021324157715
2005-09-07,33.78453063964844,33.499027252197266,33.586265563964844,33.64177703857422,1399600.0,23.293380737304688
2005-09-08,33.78453063964844,33.39592742919922,33.78453063964844,33.586265563964844,1531300.0,23.254932403564453
2005-09-09,33.87969970703125,33.499027252197266,33.625919342041016,33.84797668457031,1274100.0,23.436141967773438
2005-09-12,33.94314193725586,33.443511962890625,33.7528076171875,33.45144271850586,1933600.0,23.161588668823242
2005-09-13,33.47523498535156,32.880435943603516,33.459373474121094,33.007328033447266,3474500.0,22.854082107543945
2005-09-14,33.2373161315918,32.92008972167969,33.078704833984375,33.126285552978516,1970200.0,22.936445236206055
2005-09-15,33.269039154052734,32.91215896606445,33.18973159790039,33.07077407836914,1970800.0,22.898012161254883
2005-09-16,33.38006591796875,32.92802047729492,33.20559310913086,33.07077407836914,4414300.0,22.898012161254883
2005-09-19,33.5069580078125,32.91215896606445,33.308692932128906,33.08663558959961,2455100.0,22.908994674682617
2005-09-20,33.73694610595703,33.094566345214844,33.094566345214844,33.586265563964844,3816900.0,23.254932403564453
2005-09-21,33.86383819580078,33.53868103027344,33.586265563964844,33.633846282958984,3014900.0,23.287879943847656
2005-09-22,33.705223083496094,33.31662368774414,33.586265563964844,33.554542541503906,1888300.0,23.23297119140625
2005-09-23,33.586265563964844,33.11042404174805,33.52281951904297,33.36420822143555,1668600.0,23.101186752319336
2005-09-26,33.80832290649414,33.22145462036133,33.554542541503906,33.27696990966797,2017500.0,23.0407772064209
2005-09-27,33.57833480834961,33.197662353515625,33.43558120727539,33.47523498535156,1758700.0,23.17806053161621
2005-09-28,34.7362060546875,33.79246139526367,34.10175704956055,34.20485305786133,3395500.0,23.683246612548828
2005-09-29,34.14934158325195,33.705223083496094,34.14934158325195,34.07003402709961,2546900.0,23.58989143371582
2005-09-30,34.20485305786133,33.705223083496094,33.9986572265625,34.133480072021484,1870600.0,23.633825302124023
2005-10-03,34.196922302246094,33.935211181640625,34.03831100463867,34.10968780517578,2597700.0,23.617353439331055
2005-10-04,34.58552551269531,34.03831100463867,34.181060791015625,34.20485305786133,2859400.0,23.683246612548828
2005-10-05,34.4903564453125,34.10175704956055,34.14141082763672,34.133480072021484,2578400.0,23.633825302124023
2005-10-06,34.498287200927734,34.01451873779297,34.181060791015625,34.236576080322266,2749700.0,23.70521354675293
2005-10-07,34.323814392089844,34.07003402709961,34.30002212524414,34.2207145690918,1792700.0,23.69422721862793
2005-10-10,34.307952880859375,34.03831100463867,34.15726852416992,34.117618560791016,1408400.0,23.62284278869629
2005-10-11,34.15726852416992,33.7290153503418,34.10968780517578,33.84797668457031,2466000.0,23.436141967773438
2005-10-12,33.990726470947266,33.47523498535156,33.744876861572266,33.66556930541992,2096600.0,23.309846878051758
2005-10-13,34.03038024902344,33.459373474121094,33.46730422973633,33.92728042602539,3042100.0,23.491050720214844
2005-10-14,34.20485305786133,33.84797668457031,33.90348815917969,34.18899154663086,2484800.0,23.672266006469727
2005-10-17,34.062103271484375,33.53868103027344,33.705223083496094,33.625919342041016,2307700.0,23.282394409179688
2005-10-18,33.919349670410156,33.52281951904297,33.53868103027344,33.832115173339844,1530200.0,23.425167083740234
2005-10-19,34.26036834716797,33.64970779418945,33.65763854980469,34.252437591552734,2375400.0,23.71619415283203
2005-10-20,34.4903564453125,33.98279571533203,34.252437591552734,33.990726470947266,3199500.0,23.534984588623047
2005-10-21,34.01451873779297,33.625919342041016,33.990726470947266,33.85590744018555,3541400.0,23.441631317138672
2005-10-24,34.89482116699219,34.181060791015625,34.181060791015625,34.569664001464844,4236800.0,23.935832977294922
2005-10-25,34.728275299072266,34.181060791015625,34.59345626831055,34.537940979003906,4550100.0,23.913869857788086
2005-10-26,36.647491455078125,35.05343246459961,35.2516975402832,36.473018646240234,8462200.0,25.25370216369629
2005-10-27,37.43262481689453,35.7275390625,36.084415435791016,36.99644088745117,6106800.0,25.61612319946289
2005-10-28,37.39297103881836,37.067813873291016,37.27401351928711,37.14712142944336,4427900.0,25.720457077026367
2005-10-31,37.18677520751953,36.631629943847656,37.14712142944336,37.004371643066406,3097300.0,25.62161636352539
2005-11-01,37.194705963134766,36.67921447753906,36.956787109375,36.6871452331543,2985400.0,25.40196418762207
2005-11-02,37.02816390991211,36.59990692138672,36.758522033691406,36.948856353759766,2695300.0,25.583179473876953
2005-11-03,37.05195617675781,36.79817199707031,36.91713333129883,36.86954879760742,2151200.0,25.52825927734375
2005-11-04,37.155052185058594,36.718868255615234,37.155052185058594,36.9329948425293,2498700.0,25.57219886779785
2005-11-07,37.07574462890625,36.81403350830078,37.01230239868164,36.964717864990234,1460100.0,25.59416389465332
2005-11-08,37.036094665527344,36.663352966308594,37.036094665527344,36.774383544921875,1919400.0,25.462377548217773
2005-11-09,37.07574462890625,36.774383544921875,36.79817199707031,36.86954879760742,2273300.0,25.52825927734375
2005-11-10,37.97983932495117,36.92506408691406,36.92506408691406,37.97983932495117,3727200.0,26.297019958496094
2005-11-11,37.860877990722656,37.48020935058594,37.83708953857422,37.615028381347656,1486100.0,26.04442596435547
2005-11-14,37.860877990722656,37.36124801635742,37.39297103881836,37.67847442626953,1610200.0,26.08836555480957
2005-11-15,37.71019744873047,37.25815200805664,37.55158615112305,37.51986312866211,2193400.0,25.97854232788086
2005-11-16,37.76571273803711,37.43262481689453,37.48814010620117,37.71019744873047,1583300.0,26.11032485961914
2005-11-17,38.05121612548828,37.59916687011719,37.71019744873047,38.02742385864258,1906200.0,26.32996940612793
2005-11-18,38.15431213378906,37.686405181884766,38.10673141479492,37.829158782958984,2947500.0,26.19269371032715
2005-11-21,37.90846252441406,36.964717864990234,37.90846252441406,37.615028381347656,1785400.0,26.04442596435547
2005-11-22,37.59916687011719,37.09160614013672,37.4722785949707,37.23435974121094,1762600.0,25.78085708618164
2005-11-23,37.400901794433594,37.07574462890625,37.155052185058594,37.07574462890625,1643800.0,25.67103385925293
2005-11-25,37.440555572509766,37.09160614013672,37.194705963134766,37.29780578613281,558400.0,25.824783325195312
2005-11-28,37.30573654174805,36.703006744384766,37.23435974121094,36.7347297668457,2997800.0,25.434917449951172
2005-11-29,37.250221252441406,36.877479553222656,36.877479553222656,36.98851013183594,2918800.0,25.610631942749023
2005-11-30,37.59123611450195,37.07574462890625,37.123329162597656,37.27401351928711,2368700.0,25.808313369750977
2005-12-01,37.79743576049805,37.329524993896484,37.40883255004883,37.702266693115234,1759100.0,26.104827880859375
2005-12-02,37.90846252441406,37.385040283203125,37.511932373046875,37.51986312866211,1412400.0,25.97854232788086
2005-12-05,37.6705436706543,37.13125991821289,37.511932373046875,37.17091369628906,1905200.0,25.73692512512207
2005-12-06,37.65468215942383,37.155052185058594,37.369178771972656,37.27401351928711,2026300.0,25.808313369750977
2005-12-07,37.448486328125,36.99644088745117,37.21849822998047,37.13125991821289,1348000.0,25.837709426879883
2005-12-08,37.17091369628906,36.576114654541016,37.17091369628906,36.82989501953125,2379500.0,25.62800407409668
2005-12-09,37.11539840698242,36.893341064453125,36.91713333129883,37.004371643066406,1685300.0,25.749418258666992
2005-12-12,37.155052185058594,36.6871452331543,36.964717864990234,36.6871452331543,1755800.0,25.528671264648438
2005-12-13,37.07574462890625,36.36198806762695,36.62369918823242,36.90127182006836,2301200.0,25.677675247192383
2005-12-14,37.37710952758789,36.877479553222656,36.99644088745117,37.21849822998047,1397800.0,25.898412704467773
2005-12-15,37.27401351928711,36.837825775146484,37.16298294067383,37.083675384521484,1369000.0,25.804595947265625
2005-12-16,37.27401351928711,36.76645278930664,37.266082763671875,36.956787109375,2479700.0,25.7163028717041
2005-12-19,37.02816390991211,36.330265045166016,36.67128372192383,36.774383544921875,1572100.0,25.589380264282227
2005-12-20,37.07574462890625,36.50474166870117,36.837825775146484,36.82989501953125,1682300.0,25.62800407409668
2005-12-21,37.139190673828125,36.576114654541016,36.81403350830078,36.79817199707031,1458700.0,25.60593605041504
2005-12-22,36.964717864990234,36.43336486816406,36.718868255615234,36.9329948425293,2483500.0,25.699752807617188
2005-12-23,37.11539840698242,36.69507598876953,36.956787109375,36.877479553222656,1371100.0,25.661117553710938
2005-12-27,37.35331726074219,36.94092559814453,37.036094665527344,36.97264862060547,1808500.0,25.72734260559082
2005-12-28,37.20263671875,36.97264862060547,37.11539840698242,36.98851013183594,1621000.0,25.738372802734375
2005-12-29,37.24229049682617,36.790245056152344,37.07574462890625,36.80610275268555,917500.0,25.611452102661133
2005-12-30,36.647491455078125,36.35405731201172,36.56818389892578,36.401641845703125,1337700.0,25.330005645751953
2006-01-03,37.036094665527344,36.330265045166016,37.036094665527344,36.74266052246094,2419800.0,25.567302703857422
2006-01-04,37.01230239868164,36.7347297668457,36.82989501953125,36.86161804199219,1427700.0,25.65007781982422
2006-01-05,36.84575653076172,36.54439163208008,36.78231430053711,36.55232238769531,2401400.0,25.434856414794922
2006-01-06,36.9805793762207,36.473018646240234,36.55232238769531,36.86954879760742,1773500.0,25.655595779418945
2006-01-09,36.909202575683594,36.67128372192383,36.75059127807617,36.774383544921875,1704500.0,25.589380264282227
2006-01-10,36.703006744384766,36.37784957885742,36.42543411254883,36.473018646240234,2004500.0,25.379667282104492
2006-01-11,36.663352966308594,36.417503356933594,36.457157135009766,36.58404541015625,2310400.0,25.45693588256836
2006-01-12,36.62369918823242,35.981319427490234,36.52060317993164,36.044761657714844,2731500.0,25.0816650390625
2006-01-13,36.32233428955078,36.028900146484375,36.044761657714844,36.28268051147461,1948700.0,25.247222900390625
2006-01-17,36.16372299194336,35.925804138183594,35.9971809387207,35.9495964050293,2745200.0,25.015451431274414
2006-01-18,36.17958450317383,35.4975471496582,35.84649658203125,36.044761657714844,2238000.0,25.0816650390625
2006-01-19,36.43336486816406,35.90201187133789,36.02096939086914,36.37784957885742,2824100.0,25.313459396362305
2006-01-20,36.417503356933594,35.79098129272461,36.417503356933594,35.93373489379883,3106600.0,25.00441551208496
2006-01-23,36.139930725097656,35.88615036010742,36.00510787963867,35.9971809387207,2644800.0,25.048561096191406
2006-01-24,36.58404541015625,35.84649658203125,35.965457916259766,36.528533935546875,3867300.0,25.41830062866211
2006-01-25,36.703006744384766,35.553062438964844,36.63956069946289,35.9495964050293,4707800.0,25.015451431274414
2006-01-26,36.48094940185547,35.56892395019531,36.346126556396484,35.608577728271484,2975600.0,24.778148651123047
2006-01-27,35.65616226196289,35.188255310058594,35.52927017211914,35.50547790527344,5837200.0,24.706411361694336
2006-01-30,35.68788528442383,35.25962829589844,35.48961639404297,35.61650848388672,1693800.0,24.783676147460938
2006-01-31,35.62443923950195,34.84723663330078,35.57685470581055,34.84723663330078,3640800.0,24.248380661010742
2006-02-01,35.08515548706055,34.7124137878418,34.799652099609375,35.03757095336914,3737600.0,24.380821228027344
2006-02-02,35.172393798828125,34.744136810302734,35.05343246459961,34.99791717529297,2164300.0,24.35321807861328
2006-02-03,34.93447494506836,34.69655227661133,34.80758285522461,34.89482116699219,3214800.0,24.281478881835938
2006-02-06,35.02170944213867,34.30002212524414,34.30002212524414,34.942405700683594,2643500.0,24.314605712890625
2006-02-07,35.60064697265625,35.02170944213867,35.09308624267578,35.16446304321289,3504200.0,24.469120025634766
2006-02-08,35.84649658203125,35.24376678466797,35.37065887451172,35.798912048339844,4214500.0,24.91059684753418
2006-02-09,36.32233428955078,35.7433967590332,35.84649658203125,36.18751525878906,5009500.0,25.181005477905273
2006-02-10,36.30647277832031,35.82270431518555,36.16372299194336,36.2430305480957,3186300.0,25.219635009765625
2006-02-13,36.227169036865234,35.61650848388672,35.61650848388672,36.013038635253906,2300500.0,25.059598922729492
2006-02-14,36.171653747558594,35.81477355957031,35.9971809387207,36.155792236328125,2534900.0,25.15892791748047
2006-02-15,36.155792236328125,35.54513168334961,36.013038635253906,35.7037467956543,3040500.0,24.84436798095703
2006-02-16,35.838565826416016,35.51340866088867,35.56892395019531,35.648231506347656,3523100.0,24.80575180053711
2006-02-17,35.679954528808594,35.41031265258789,35.648231506347656,35.56099319458008,2575800.0,24.745044708251953
2006-02-21,35.63236999511719,35.21204376220703,35.56099319458008,35.25962829589844,2793000.0,24.53533935546875
2006-02-22,35.553062438964844,35.31514358520508,35.39445114135742,35.402381896972656,2096800.0,24.63467025756836
2006-02-23,35.84649658203125,35.275489807128906,35.275489807128906,35.553062438964844,3171000.0,24.73952865600586
2006-02-24,35.82270431518555,35.291351318359375,35.4975471496582,35.60064697265625,1981500.0,24.772640228271484
2006-02-27,36.80610275268555,35.75132751464844,35.75132751464844,36.6871452331543,4744900.0,25.528671264648438
2006-02-28,36.821964263916016,36.33819580078125,36.473018646240234,36.631629943847656,3486300.0,25.49004364013672
2006-03-01,36.80610275268555,36.32233428955078,36.473018646240234,36.65542221069336,2112500.0,25.506595611572266
2006-03-02,36.62369918823242,36.30647277832031,36.59990692138672,36.536460876464844,1668200.0,25.42382049560547
2006-03-03,36.94092559814453,36.211307525634766,36.2430305480957,36.703006744384766,2308600.0,25.539710998535156
2006-03-06,36.76645278930664,36.33819580078125,36.591976165771484,36.4888801574707,1736400.0,25.390716552734375
2006-03-07,36.40957260131836,36.084415435791016,36.20337677001953,36.32233428955078,3481200.0,25.27482032775879
2006-03-08,36.837825775146484,36.20337677001953,36.28268051147461,36.76645278930664,1866200.0,25.7148380279541
2006-03-09,37.4722785949707,37.083675384521484,37.27401351928711,37.29780578613281,3165300.0,26.086467742919922
2006-03-10,37.948116302490234,36.91713333129883,37.139190673828125,37.82122802734375,3715900.0,26.452550888061523
2006-03-13,37.92432403564453,37.615028381347656,37.82122802734375,37.72605895996094,1796400.0,26.38599395751953
2006-03-14,38.02742385864258,37.31366729736328,37.60709762573242,37.67847442626953,2159400.0,26.352710723876953
2006-03-15,37.6705436706543,37.07574462890625,37.51986312866211,37.24229049682617,3035500.0,26.047637939453125
2006-03-16,37.35331726074219,37.004371643066406,37.155052185058594,37.24229049682617,3150200.0,26.047637939453125
2006-03-17,37.59123611450195,37.32159423828125,37.440555572509766,37.400901794433594,3185200.0,26.158571243286133
2006-03-20,37.46434783935547,36.91713333129883,37.32159423828125,37.1788444519043,1812900.0,26.00326156616211
2006-03-21,37.456417083740234,37.04402542114258,37.37710952758789,37.09160614013672,2418200.0,25.942245483398438
2006-03-22,37.11539840698242,36.74266052246094,36.956787109375,37.01230239868164,1551700.0,25.886777877807617
2006-03-23,37.2264289855957,36.61576843261719,36.821964263916016,37.1788444519043,1647600.0,26.00326156616211
2006-03-24,37.14712142944336,36.63956069946289,36.9805793762207,37.07574462890625,2398800.0,25.931150436401367
2006-03-27,37.27401351928711,37.04402542114258,37.194705963134766,37.05988311767578,2299400.0,25.920055389404297
2006-03-28,37.067813873291016,36.44922637939453,37.067813873291016,36.52060317993164,2415100.0,25.542879104614258
2006-03-29,36.94092559814453,36.25889205932617,36.48094940185547,36.72679901123047,2502700.0,25.687095642089844
2006-03-30,37.02816390991211,36.591976165771484,36.61576843261719,36.61576843261719,2632500.0,25.60944938659668
2006-03-31,36.512672424316406,36.09234619140625,36.4888801574707,36.227169036865234,2844700.0,25.337656021118164
2006-04-03,37.036094665527344,36.346126556396484,36.4412956237793,36.591976165771484,2383400.0,25.592792510986328
2006-04-04,36.877479553222656,36.346126556396484,36.49681091308594,36.7109375,1907700.0,25.675996780395508
2006-04-05,36.84575653076172,36.52060317993164,36.63956069946289,36.69507598876953,1913400.0,25.6649169921875
2006-04-06,37.21849822998047,36.4412956237793,36.4888801574707,37.09953689575195,2482400.0,25.947795867919922
2006-04-07,37.155052185058594,36.790245056152344,37.05195617675781,36.84575653076172,2877100.0,25.770294189453125
2006-04-10,36.80610275268555,36.536460876464844,36.774383544921875,36.591976165771484,2596200.0,25.592792510986328
2006-04-11,36.67921447753906,36.155792236328125,36.50474166870117,36.44922637939453,4252700.0,25.492963790893555
2006-04-12,36.49681091308594,36.12406921386719,36.457157135009766,36.48094940185547,2336400.0,25.515146255493164
2006-04-13,36.69507598876953,36.17958450317383,36.28268051147461,36.55232238769531,1373600.0,25.5650634765625
2006-04-17,36.56025314331055,35.86235809326172,35.86235809326172,36.20337677001953,2430800.0,25.321012496948242
2006-04-18,37.004371643066406,36.211307525634766,36.21923828125,36.964717864990234,2621900.0,25.85349464416504
2006-04-19,36.9805793762207,36.346126556396484,36.79817199707031,36.631629943847656,2569300.0,25.620542526245117
2006-04-20,37.067813873291016,36.60783767700195,36.631629943847656,36.837825775146484,2110200.0,25.764747619628906
2006-04-21,36.79817199707031,35.909942626953125,36.78231430053711,36.25096130371094,3070000.0,25.354299545288086
2006-04-24,36.21923828125,35.87028884887695,36.155792236328125,35.90201187133789,2289600.0,25.1102294921875
2006-04-25,36.20337677001953,35.767189025878906,35.79098129272461,35.80684280395508,2149800.0,25.043678283691406
2006-04-26,36.274749755859375,35.79098129272461,36.084415435791016,36.00510787963867,1821700.0,25.182334899902344
2006-04-27,36.663352966308594,35.783050537109375,36.00510787963867,36.56818389892578,2769200.0,25.5761661529541
2006-04-28,35.735469818115234,34.498287200927734,35.7275390625,34.9582633972168,9708000.0,24.450166702270508
2006-05-01,35.679954528808594,35.156532287597656,35.418243408203125,35.20411682128906,4207100.0,24.622119903564453
2006-05-02,35.4578971862793,34.95033264160156,35.156532287597656,35.28342056274414,3043800.0,24.677581787109375
2006-05-03,35.26755905151367,34.84723663330078,35.13274002075195,34.91861343383789,2958800.0,24.42243003845215
2006-05-04,35.44996643066406,34.910682678222656,34.91861343383789,34.974124908447266,3141200.0,24.461259841918945
2006-05-05,35.35479736328125,34.9582633972168,35.13274002075195,35.275489807128906,2292300.0,24.67204475402832
2006-05-08,35.2279052734375,34.57759475708008,35.188255310058594,34.783790588378906,3744600.0,24.328142166137695
2006-05-09,35.045501708984375,34.58552551269531,34.783790588378906,34.69655227661133,3020800.0,24.267120361328125
2006-05-10,35.156532287597656,34.537940979003906,34.537940979003906,35.03757095336914,3901300.0,24.505634307861328
2006-05-11,34.974124908447266,34.72034454345703,34.89482116699219,34.815513610839844,2870100.0,24.350330352783203
2006-05-12,35.12480926513672,34.7362060546875,34.7362060546875,34.89482116699219,2616600.0,24.40578842163086
2006-05-15,35.06929397583008,34.70448303222656,34.89482116699219,35.01377868652344,2907000.0,24.488988876342773
2006-05-16,34.96619415283203,34.75206756591797,34.89482116699219,34.80758285522461,2227900.0,24.34477996826172
2006-05-17,35.21204376220703,34.80758285522461,35.20411682128906,34.974124908447266,4627300.0,24.461259841918945
2006-05-18,35.48961639404297,34.34760665893555,34.34760665893555,35.26755905151367,3251000.0,24.66648292541504
2006-05-19,36.02096939086914,35.402381896972656,35.54513168334961,36.013038635253906,5855400.0,25.187889099121094
2006-05-22,36.31440353393555,35.75925827026367,35.965457916259766,35.783050537109375,4435900.0,25.027023315429688
2006-05-23,36.25889205932617,35.719608306884766,35.7433967590332,35.909942626953125,3008400.0,25.115785598754883
2006-05-24,36.56818389892578,35.608577728271484,35.648231506347656,36.50474166870117,5113800.0,25.531789779663086
2006-05-25,36.67128372192383,36.17958450317383,36.50474166870117,36.36991882324219,2303200.0,25.4374942779541
2006-05-26,36.48094940185547,36.14786148071289,36.330265045166016,36.465087890625,1604200.0,25.504056930541992
2006-05-30,36.330265045166016,35.93373489379883,36.32233428955078,35.95752716064453,1987700.0,25.149059295654297
2006-05-31,36.401641845703125,35.798912048339844,35.98925018310547,36.06062316894531,3079400.0,25.221162796020508
2006-06-01,36.55232238769531,36.12406921386719,36.16372299194336,36.528533935546875,2288700.0,25.548429489135742
2006-06-02,36.50474166870117,36.211307525634766,36.44922637939453,36.28268051147461,2348000.0,25.376476287841797
2006-06-05,36.56025314331055,35.98925018310547,36.56025314331055,36.00510787963867,2373700.0,25.182334899902344
2006-06-06,36.39371109008789,35.9495964050293,36.07648468017578,36.2430305480957,3292100.0,25.34874725341797
2006-06-07,36.512672424316406,36.06062316894531,36.084415435791016,36.100276947021484,3197100.0,25.378446578979492
2006-06-08,36.16372299194336,35.38652038574219,35.94166564941406,35.67202377319336,3945100.0,25.077375411987305
2006-06-09,35.64030075073242,35.291351318359375,35.48961639404297,35.362728118896484,2758000.0,24.859943389892578
2006-06-12,35.735469818115234,35.37858963012695,35.56892395019531,35.44996643066406,3077500.0,24.921281814575195
2006-06-13,35.648231506347656,34.99791717529297,35.37065887451172,35.03757095336914,3504300.0,24.63136100769043
2006-06-14,35.35479736328125,34.89482116699219,34.93447494506836,35.29928207397461,2414600.0,24.815343856811523
2006-06-15,35.75132751464844,35.116878509521484,35.275489807128906,35.65616226196289,2238200.0,25.06623077392578
2006-06-16,35.798912048339844,35.37065887451172,35.37065887451172,35.608577728271484,3953600.0,25.03278160095215
2006-06-19,35.798912048339844,35.156532287597656,35.68788528442383,35.32307434082031,2526600.0,24.832069396972656
2006-06-20,35.39445114135742,35.219974517822266,35.2516975402832,35.291351318359375,2185000.0,24.809772491455078
2006-06-21,35.64030075073242,35.14860153198242,35.39445114135742,35.48961639404297,3113900.0,24.949140548706055
2006-06-22,35.56892395019531,35.08515548706055,35.44996643066406,35.26755905151367,2173600.0,24.79304313659668
2006-06-23,35.346866607666016,34.93447494506836,35.188255310058594,35.12480926513672,2113800.0,24.692689895629883
2006-06-26,35.402381896972656,35.156532287597656,35.21204376220703,35.275489807128906,1179200.0,24.798620223999023
2006-06-27,35.37858963012695,35.029640197753906,35.21204376220703,35.235836029052734,1945100.0,24.770732879638672
2006-06-28,35.664093017578125,35.24376678466797,35.24376678466797,35.60064697265625,2171700.0,25.027204513549805
2006-06-29,36.02096939086914,35.57685470581055,35.68788528442383,36.02096939086914,2147000.0,25.322690963745117
2006-06-30,36.35405731201172,35.87821960449219,36.02096939086914,35.965457916259766,2917200.0,25.283662796020508
2006-07-03,36.14786148071289,35.88615036010742,35.965457916259766,36.06855392456055,686700.0,25.356142044067383
2006-07-05,36.10820770263672,35.767189025878906,35.925804138183594,35.965457916259766,1808200.0,25.283662796020508
2006-07-06,36.48094940185547,35.79098129272461,35.91787338256836,36.013038635253906,1371100.0,25.31711769104004
2006-07-07,35.86235809326172,34.72034454345703,35.84649658203125,34.90275192260742,4446600.0,24.536590576171875
2006-07-10,35.38652038574219,35.01377868652344,35.029640197753906,35.20411682128906,2059400.0,24.748445510864258
2006-07-11,35.10894775390625,34.799652099609375,35.02170944213867,34.910682678222656,1645500.0,24.542152404785156
2006-07-12,34.9582633972168,34.53001022338867,34.855167388916016,34.625179290771484,1426200.0,24.341459274291992
2006-07-13,34.64897155761719,34.01451873779297,34.63311004638672,34.046241760253906,3019700.0,23.93446159362793
2006-07-14,34.196922302246094,33.705223083496094,33.84797668457031,34.12554931640625,2141600.0,23.990211486816406
2006-07-17,34.569664001464844,34.133480072021484,34.20485305786133,34.379329681396484,2431800.0,24.168617248535156
2006-07-18,34.56173324584961,34.10968780517578,34.379329681396484,34.40312194824219,1633000.0,24.185344696044922
2006-07-19,34.83930587768555,34.379329681396484,34.418983459472656,34.65690231323242,2168500.0,24.36375617980957
2006-07-20,34.65690231323242,34.26036834716797,34.537940979003906,34.2682991027832,1657800.0,24.0905704498291
2006-07-21,34.41105270385742,33.84004592895508,34.41105270385742,33.871768951416016,1809300.0,23.81180191040039
2006-07-24,34.133480072021484,33.800392150878906,33.832115173339844,34.10175704956055,1323500.0,23.97348976135254
2006-07-25,34.4903564453125,33.86383819580078,33.98279571533203,34.31588363647461,2133500.0,24.1240234375
2006-07-26,34.30002212524414,33.80832290649414,34.181060791015625,33.80832290649414,1752800.0,23.76720428466797
2006-07-27,34.39519119262695,33.760738372802734,33.7765998840332,34.12554931640625,2471500.0,23.990211486816406
2006-07-28,34.99791717529297,34.14934158325195,34.14934158325195,34.82344436645508,2097400.0,24.4808349609375
2006-07-31,34.86309814453125,34.498287200927734,34.537940979003906,34.70448303222656,1578700.0,24.39720916748047
2006-08-01,34.7599983215332,34.07003402709961,34.59345626831055,34.17313003540039,2291200.0,24.023664474487305
2006-08-02,36.36198806762695,33.84004592895508,35.418243408203125,35.52927017211914,7014500.0,24.977018356323242
2006-08-03,36.346126556396484,35.56099319458008,35.648231506347656,36.211307525634766,3402000.0,25.45650291442871
2006-08-04,36.62369918823242,36.26681900024414,36.36198806762695,36.56818389892578,3170100.0,25.707386016845703
2006-08-07,36.4888801574707,36.02096939086914,36.36198806762695,36.1954460144043,2183300.0,25.445348739624023
2006-08-08,36.401641845703125,35.80684280395508,36.30647277832031,36.084415435791016,2331800.0,25.36728858947754
2006-08-09,36.55232238769531,36.171653747558594,36.346126556396484,36.21923828125,2277500.0,25.462066650390625
2006-08-10,36.56025314331055,36.084415435791016,36.21923828125,36.43336486816406,2322500.0,25.61259651184082
2006-08-11,36.631629943847656,36.16372299194336,36.28268051147461,36.56818389892578,1558600.0,25.707386016845703
2006-08-14,36.948856353759766,36.528533935546875,36.758522033691406,36.576114654541016,1812600.0,25.71295928955078
2006-08-15,37.05988311767578,36.79817199707031,36.837825775146484,36.837825775146484,2429800.0,25.89693832397461
2006-08-16,37.27401351928711,36.92506408691406,36.9805793762207,37.250221252441406,1615500.0,26.186857223510742
2006-08-17,37.35331726074219,36.98851013183594,37.13125991821289,37.28987503051758,3379100.0,26.214731216430664
2006-08-18,37.55158615112305,37.13125991821289,37.35331726074219,37.496070861816406,1554800.0,26.359689712524414
2006-08-21,37.35331726074219,36.909202575683594,37.266082763671875,37.067813873291016,1128100.0,26.058622360229492
2006-08-22,37.39297103881836,37.02816390991211,37.02816390991211,37.210567474365234,1017600.0,26.158979415893555
2006-08-23,37.37710952758789,37.09160614013672,37.13125991821289,37.1788444519043,1446600.0,26.13667869567871
2006-08-24,37.329524993896484,37.01230239868164,37.27401351928711,37.123329162597656,1597700.0,26.0976505279541
2006-08-25,37.05988311767578,36.60783767700195,36.948856353759766,36.956787109375,1743000.0,25.980566024780273
2006-08-28,37.6705436706543,36.877479553222656,36.877479553222656,37.48020935058594,1875200.0,26.348539352416992
2006-08-29,37.83708953857422,37.4722785949707,37.48020935058594,37.76571273803711,2140900.0,26.54924201965332
2006-08-30,37.92432403564453,37.50400161743164,37.71019744873047,37.59916687011719,1699100.0,26.432157516479492
2006-08-31,37.940185546875,37.41676330566406,37.7181282043457,37.43262481689453,2814100.0,26.315078735351562
2006-09-01,38.22568893432617,37.511932373046875,37.59916687011719,38.06707763671875,2242300.0,26.761096954345703
2006-09-05,38.05121612548828,37.74985122680664,37.876739501953125,37.9163932800293,1597500.0,26.65516471862793
2006-09-06,37.97190856933594,37.24229049682617,37.74985122680664,37.400901794433594,2889100.0,26.29279136657715
2006-09-07,37.496070861816406,37.10746765136719,37.27401351928711,37.31366729736328,1895800.0,26.231456756591797
2006-09-08,37.78950500488281,37.250221252441406,37.329524993896484,37.60709762573242,1547200.0,26.437744140625
2006-09-11,37.773643493652344,37.27401351928711,37.48020935058594,37.65468215942383,1607900.0,26.4711856842041
2006-09-12,37.90846252441406,37.48020935058594,37.48020935058594,37.686405181884766,2106500.0,26.49349594116211
2006-09-13,37.78157424926758,37.27401351928711,37.46434783935547,37.40883255004883,2325300.0,26.42808723449707
2006-09-14,37.53572463989258,37.29780578613281,37.35331726074219,37.400901794433594,1522500.0,26.422496795654297
2006-09-15,37.88467025756836,37.46434783935547,37.57537841796875,37.567447662353516,4002700.0,26.540149688720703
2006-09-18,37.987770080566406,37.511932373046875,37.615028381347656,37.757781982421875,2040200.0,26.674612045288086
2006-09-19,37.987770080566406,36.964717864990234,37.757781982421875,37.266082763671875,3329600.0,26.327241897583008
2006-09-20,37.97983932495117,37.16298294067383,37.250221252441406,37.67847442626953,2558400.0,26.618587493896484
2006-09-21,37.71019744873047,37.27401351928711,37.59123611450195,37.41676330566406,1389400.0,26.43368911743164
2006-09-22,37.39297103881836,37.01230239868164,37.329524993896484,37.139190673828125,1085800.0,26.237600326538086
2006-09-25,38.01156234741211,37.17091369628906,37.194705963134766,37.82122802734375,2733300.0,26.719430923461914
2006-09-26,38.304996490478516,37.4722785949707,37.71019744873047,38.13051986694336,2791600.0,26.93794822692871
2006-09-27,37.97190856933594,37.25815200805664,37.892601013183594,37.583309173583984,3332200.0,26.55135154724121
2006-09-28,37.95604705810547,37.54365539550781,37.7181282043457,37.686405181884766,1996700.0,26.624195098876953
2006-09-29,37.80536651611328,37.385040283203125,37.53572463989258,37.54365539550781,1523000.0,26.523338317871094
2006-10-02,37.60709762573242,37.210567474365234,37.60709762573242,37.30573654174805,1581100.0,26.355253219604492
2006-10-03,37.9163932800293,37.31366729736328,37.36124801635742,37.813297271728516,2489300.0,26.71383285522461
2006-10-04,37.90846252441406,37.702266693115234,37.74985122680664,37.829158782958984,2105200.0,26.725032806396484
2006-10-05,37.892601013183594,37.59123611450195,37.686405181884766,37.829158782958984,2852500.0,26.725032806396484
2006-10-06,37.829158782958984,37.527793884277344,37.74985122680664,37.646751403808594,1984500.0,26.596168518066406
2006-10-09,37.829158782958984,37.48020935058594,37.65468215942383,37.686405181884766,1196100.0,26.624195098876953
2006-10-10,37.630889892578125,37.16298294067383,37.54365539550781,37.23435974121094,2266400.0,26.304832458496094
2006-10-11,37.2264289855957,36.821964263916016,37.036094665527344,37.07574462890625,2648600.0,26.192773818969727
2006-10-12,37.31366729736328,36.9329948425293,37.155052185058594,37.1788444519043,1698500.0,26.265615463256836
2006-10-13,37.09953689575195,36.6871452331543,37.036094665527344,36.86954879760742,2093100.0,26.047094345092773
2006-10-16,37.266082763671875,36.893341064453125,36.94092559814453,37.23435974121094,1588700.0,26.304832458496094
2006-10-17,37.400901794433594,36.9805793762207,37.11539840698242,37.34538650512695,1430200.0,26.38326072692871
2006-10-18,37.74985122680664,37.281944274902344,37.4722785949707,37.567447662353516,2011400.0,26.540149688720703
2006-10-19,37.630889892578125,37.39297103881836,37.46434783935547,37.57537841796875,1145700.0,26.545753479003906
2006-10-20,37.73398971557617,37.43262481689453,37.72605895996094,37.60709762573242,1218100.0,26.568161010742188
2006-10-23,37.987770080566406,37.43262481689453,37.511932373046875,37.987770080566406,1817600.0,26.837095260620117
2006-10-24,37.932254791259766,37.67847442626953,37.829158782958984,37.90846252441406,1861300.0,26.781064987182617
2006-10-25,37.99570083618164,37.53572463989258,37.90053176879883,37.76571273803711,1590100.0,26.680212020874023
2006-10-26,37.90846252441406,37.630889892578125,37.73398971557617,37.76571273803711,1218200.0,26.680212020874023
2006-10-27,38.02742385864258,37.53572463989258,37.646751403808594,37.79743576049805,2281900.0,26.702625274658203
2006-10-30,39.232879638671875,37.6705436706543,37.702266693115234,38.87600326538086,4706500.0,27.464597702026367
2006-10-31,39.605621337890625,38.82841873168945,39.217018127441406,39.20908737182617,4435300.0,27.699909210205078
2006-11-01,39.32804870605469,38.431884765625,39.177364349365234,38.66187286376953,3887600.0,27.313322067260742
2006-11-02,38.58256912231445,38.03535461425781,38.50326156616211,38.1622428894043,4304900.0,26.96034812927246
2006-11-03,38.265342712402344,37.86880874633789,38.20189666748047,38.059146881103516,2294200.0,26.887508392333984
2006-11-06,38.24155044555664,37.932254791259766,38.059146881103516,38.06707763671875,2294500.0,26.893115997314453
2006-11-07,38.52705383300781,38.13051986694336,38.17017364501953,38.511192321777344,2467700.0,27.206863403320312
2006-11-08,38.84428024291992,38.41602325439453,38.44774627685547,38.606361389160156,1870800.0,27.27410888671875
2006-11-09,38.63015365600586,38.423954010009766,38.54291534423828,38.51912307739258,1826100.0,27.212467193603516
2006-11-10,38.61429214477539,38.41602325439453,38.51912307739258,38.59049987792969,1291600.0,27.262897491455078
2006-11-13,38.883934020996094,38.46360778808594,38.47153854370117,38.677734375,2054300.0,27.324522018432617
2006-11-14,38.923583984375,38.384300231933594,38.63015365600586,38.868072509765625,2425800.0,27.458995819091797
2006-11-15,39.22494888305664,38.69359588623047,38.73324966430664,39.18529510498047,3218100.0,27.683107376098633
2006-11-16,39.55803680419922,39.16150665283203,39.1932258605957,39.478729248046875,2334700.0,27.890405654907227
2006-11-17,39.51838302612305,39.18529510498047,39.33597946166992,39.375633239746094,2756600.0,27.81756019592285
2006-11-20,39.40735626220703,39.113922119140625,39.25667190551758,39.16150665283203,2502700.0,27.66630744934082
2006-11-21,39.16943359375,38.89186477661133,39.07426834106445,39.01875305175781,1714100.0,27.565439224243164
2006-11-22,39.4390754699707,38.97909927368164,39.002891540527344,39.28046417236328,1974700.0,27.75033187866211
2006-11-24,39.4232177734375,38.89979553222656,38.99496078491211,39.16150665283203,1191800.0,27.66630744934082
2006-11-27,39.05047607421875,38.25741195678711,39.042545318603516,38.46360778808594,2453100.0,27.173250198364258
2006-11-28,38.9473762512207,38.28120422363281,38.320858001708984,38.868072509765625,3150500.0,27.458995819091797
2006-11-29,38.852210998535156,38.47153854370117,38.852210998535156,38.58256912231445,1297700.0,27.257291793823242
2006-11-30,38.74911117553711,38.24155044555664,38.52705383300781,38.249481201171875,2525300.0,27.021984100341797
2006-12-01,38.40016174316406,37.757781982421875,38.33671951293945,37.9639778137207,2649300.0,26.820283889770508
2006-12-04,38.59843063354492,38.06707763671875,38.06707763671875,38.40016174316406,2431400.0,27.128435134887695
2006-12-05,38.46360778808594,37.9639778137207,38.44774627685547,38.10673141479492,3585200.0,26.92112922668457
2006-12-06,38.059146881103516,37.686405181884766,37.90846252441406,37.86880874633789,2421800.0,26.915502548217773
2006-12-07,38.20189666748047,37.7181282043457,37.86880874633789,38.059146881103516,3762500.0,27.050779342651367
2006-12-08,38.15431213378906,37.9163932800293,37.987770080566406,38.019493103027344,2517100.0,27.022600173950195
2006-12-11,38.40016174316406,38.1622428894043,38.25741195678711,38.25741195678711,2812100.0,27.19170570373535
2006-12-12,38.47153854370117,38.10673141479492,38.25741195678711,38.21775817871094,2357800.0,27.163522720336914
2006-12-13,38.64601135253906,38.34465026855469,38.384300231933594,38.44774627685547,2441200.0,27.32698631286621
2006-12-14,39.042545318603516,38.41602325439453,38.50326156616211,38.87600326538086,2435600.0,27.631372451782227
2006-12-15,39.478729248046875,38.97909927368164,39.248741149902344,39.36770248413086,4639800.0,27.980838775634766
2006-12-18,39.43114471435547,39.129783630371094,39.24081039428711,39.1932258605957,2207900.0,27.856840133666992
2006-12-19,39.22494888305664,38.64601135253906,38.87600326538086,39.058406829833984,2048000.0,27.76101303100586
2006-12-20,39.359771728515625,38.89979553222656,38.89979553222656,39.177364349365234,2213000.0,27.845565795898438
2006-12-21,39.33597946166992,38.97909927368164,39.13771438598633,39.13771438598633,1671200.0,27.817386627197266
2006-12-22,39.24081039428711,38.86014175415039,39.098060607910156,38.868072509765625,1632800.0,27.6257381439209
2006-12-26,39.1932258605957,38.78083419799805,38.78083419799805,39.13771438598633,1211400.0,27.817386627197266
2006-12-27,39.359771728515625,39.06633758544922,39.25667190551758,39.129783630371094,1144400.0,27.811744689941406
2006-12-28,39.28046417236328,38.9473762512207,39.02668380737305,39.058406829833984,1188700.0,27.76101303100586
2006-12-29,39.1932258605957,38.89186477661133,38.923583984375,39.058406829833984,1513700.0,27.76101303100586
2007-01-03,39.08219909667969,38.21775817871094,38.622222900390625,38.39223098754883,3311800.0,27.28752326965332
2007-01-04,38.86014175415039,38.304996490478516,38.304996490478516,38.78083419799805,4334500.0,27.56372833251953
2007-01-05,38.83634948730469,38.55877685546875,38.78083419799805,38.669803619384766,1935500.0,27.48481559753418
2007-01-08,38.83634948730469,38.431884765625,38.550846099853516,38.69359588623047,2745300.0,27.501726150512695
2007-01-09,38.923583984375,38.28120422363281,38.66187286376953,38.54291534423828,1772000.0,27.39462661743164
2007-01-10,38.550846099853516,38.178104400634766,38.511192321777344,38.32878875732422,2414200.0,27.242435455322266
2007-01-11,38.61429214477539,38.18603515625,38.304996490478516,38.36844253540039,2201500.0,27.27061653137207
2007-01-12,38.74911117553711,38.32878875732422,38.37636947631836,38.622222900390625,2505800.0,27.450998306274414
2007-01-16,38.566707611083984,38.32878875732422,38.47153854370117,38.54291534423828,3370100.0,27.39462661743164
2007-01-17,38.86014175415039,38.54291534423828,38.59843063354492,38.852210998535156,2523300.0,27.614465713500977
2007-01-18,38.86014175415039,38.2098274230957,38.82048797607422,38.24155044555664,2056200.0,27.180435180664062
2007-01-19,38.31292724609375,37.940185546875,38.28913497924805,37.99570083618164,2919400.0,27.005695343017578
2007-01-22,38.10673141479492,37.46434783935547,38.059146881103516,37.527793884277344,3274500.0,26.67312240600586
2007-01-23,37.80536651611328,37.4722785949707,37.527793884277344,37.59916687011719,4082800.0,26.72385025024414
2007-01-24,37.932254791259766,37.59916687011719,37.646751403808594,37.86880874633789,4156200.0,26.915502548217773
2007-01-25,37.86880874633789,37.511932373046875,37.72605895996094,37.65468215942383,4228900.0,26.7633056640625
2007-01-26,37.6705436706543,37.369178771972656,37.62295913696289,37.37710952758789,4183300.0,26.56601905822754
2007-01-29,37.63882064819336,37.281944274902344,37.31366729736328,37.50400161743164,4832000.0,26.656211853027344
2007-01-30,37.646751403808594,37.155052185058594,37.50400161743164,37.55951690673828,2942800.0,26.69566535949707
2007-01-31,37.892601013183594,37.281944274902344,37.456417083740234,37.84502029418945,2870900.0,26.898595809936523
2007-02-01,38.59049987792969,38.18603515625,38.304996490478516,38.46360778808594,4272700.0,27.3382568359375
2007-02-02,38.89186477661133,38.423954010009766,38.46360778808594,38.86014175415039,2692200.0,27.620105743408203
2007-02-05,39.01082229614258,38.55877685546875,38.7015266418457,38.9473762512207,2911000.0,27.682109832763672
2007-02-06,39.47079849243164,38.265342712402344,39.217018127441406,38.7015266418457,4935800.0,27.507366180419922
2007-02-07,38.923583984375,38.479469299316406,38.76497268676758,38.66187286376953,2664500.0,27.479175567626953
2007-02-08,38.87600326538086,38.51912307739258,38.51912307739258,38.83634948730469,3086600.0,27.60318946838379
2007-02-09,39.05047607421875,38.58256912231445,38.82841873168945,38.70945739746094,1968900.0,27.512996673583984
2007-02-12,39.058406829833984,38.69359588623047,38.87600326538086,38.90772247314453,1705700.0,27.653926849365234
2007-02-13,40.025943756103516,39.16150665283203,39.20908737182617,39.96249771118164,6343800.0,28.40360450744629
2007-02-14,40.660396575927734,39.9149169921875,39.93077850341797,40.61281204223633,5128600.0,28.865827560424805
2007-02-15,40.644535064697266,40.27972412109375,40.52557373046875,40.4304084777832,2901700.0,28.73617172241211
2007-02-16,40.49385070800781,40.14490509033203,40.22420883178711,40.414546966552734,2381400.0,28.724897384643555
2007-02-20,40.485923767089844,40.06559753417969,40.287654876708984,40.20042037963867,2271100.0,28.572711944580078
2007-02-21,40.31937789916992,39.95457077026367,40.01008224487305,40.29558563232422,2179100.0,28.640350341796875
2007-02-22,40.47799301147461,39.93077850341797,40.24800109863281,40.37489318847656,2995900.0,28.69672393798828
2007-02-23,40.63660430908203,40.1369743347168,40.271793365478516,40.589019775390625,2606000.0,28.848913192749023
2007-02-26,40.84280014038086,40.414546966552734,40.56522750854492,40.6524658203125,2757700.0,28.89400291442871
2007-02-27,40.44626998901367,39.18529510498047,40.208351135253906,39.550106048583984,4209400.0,28.11049461364746
2007-02-28,39.95457077026367,39.10599136352539,39.55803680419922,39.45493698120117,4955600.0,28.042850494384766
2007-03-01,39.462867736816406,38.741180419921875,39.058406829833984,39.462867736816406,5700000.0,28.048486709594727
2007-03-02,39.462867736816406,38.606361389160156,39.462867736816406,38.606361389160156,4195800.0,27.43972396850586
2007-03-05,38.77290344238281,37.90846252441406,38.06707763671875,38.439815521240234,3052000.0,27.32135009765625
2007-03-06,38.812557220458984,38.36844253540039,38.638084411621094,38.7015266418457,3232500.0,27.507366180419922
2007-03-07,38.66187286376953,38.138450622558594,38.360511779785156,38.18603515625,3101000.0,27.30323028564453
2007-03-08,38.7015266418457,38.36844253540039,38.511192321777344,38.550846099853516,2042200.0,27.564071655273438
2007-03-09,38.76497268676758,38.27327346801758,38.7015266418457,38.677734375,2494800.0,27.654796600341797
2007-03-12,39.14564514160156,38.511192321777344,38.511192321777344,38.931514739990234,3066800.0,27.836254119873047
2007-03-13,38.883934020996094,38.15431213378906,38.796695709228516,38.233619689941406,3521900.0,27.337265014648438
2007-03-14,38.39223098754883,37.71019744873047,38.13051986694336,38.320858001708984,3652200.0,27.399629592895508
2007-03-15,38.638084411621094,38.22568893432617,38.249481201171875,38.41602325439453,2380600.0,27.467679977416992
2007-03-16,38.57463836669922,38.08293914794922,38.57463836669922,38.17017364501953,3224800.0,27.291900634765625
2007-03-19,38.54291534423828,38.15431213378906,38.22568893432617,38.25741195678711,2584600.0,27.35426902770996
2007-03-20,38.46360778808594,38.22568893432617,38.304996490478516,38.431884765625,3614900.0,27.479022979736328
2007-03-21,40.26386260986328,38.86014175415039,39.01082229614258,40.081459045410156,7938400.0,28.658464431762695
2007-03-22,40.27972412109375,38.852210998535156,38.852210998535156,40.271793365478516,3738300.0,28.794565200805664
2007-03-23,40.35110092163086,39.89905548095703,40.208351135253906,40.25593185424805,2348100.0,28.78322410583496
2007-03-26,40.1845588684082,39.494590759277344,40.1845588684082,39.80388641357422,2685800.0,28.460012435913086
2007-03-27,39.740440368652344,39.129783630371094,39.661136627197266,39.13771438598633,2787800.0,27.983694076538086
2007-03-28,39.10599136352539,38.7015266418457,39.098060607910156,38.812557220458984,3407700.0,27.751203536987305
2007-03-29,39.14564514160156,38.606361389160156,39.13771438598633,38.69359588623047,2936600.0,27.6661434173584
2007-03-30,38.83634948730469,37.987770080566406,38.82048797607422,38.384300231933594,3405300.0,27.44499397277832
2007-04-02,40.61457443237305,38.542579650878906,38.71817398071289,40.00878143310547,8760600.0,28.60651206970215
2007-04-03,40.97454071044922,40.09657669067383,40.29850769042969,40.44776153564453,5740200.0,28.920381546020508
2007-04-04,40.35996627807617,39.68393325805664,39.719051361083984,40.02634048461914,4433500.0,28.619060516357422
2007-04-05,40.35996627807617,39.78050994873047,39.850746154785156,39.92976379394531,2684500.0,28.55000877380371
2007-04-09,39.859527587890625,38.972782135009766,39.859527587890625,39.12203598022461,3289800.0,27.972482681274414
2007-04-10,39.44688415527344,39.02545928955078,39.15715408325195,39.27128982543945,2246400.0,28.079198837280273
2007-04-11,39.288848876953125,38.5338020324707,39.14837646484375,38.61281967163086,3313300.0,27.60838508605957
2007-04-12,39.517120361328125,38.753292083740234,39.06058120727539,39.46444320678711,3866900.0,28.2172908782959
2007-04-13,39.508338928222656,38.972782135009766,39.46444320678711,39.26251220703125,2361000.0,28.07293128967285
2007-04-16,39.71027374267578,39.13959503173828,39.34152603149414,39.1922721862793,2391600.0,28.022693634033203
2007-04-17,39.429325103759766,38.981563568115234,39.15715408325195,39.16593551635742,3231700.0,28.00386619567871
2007-04-18,39.58735656738281,39.069358825683594,39.07814025878906,39.46444320678711,3154300.0,28.2172908782959
2007-04-19,39.46444320678711,38.96400451660156,39.46444320678711,38.981563568115234,1654500.0,27.87204360961914
2007-04-20,39.61369705200195,39.05179977416992,39.57857894897461,39.297630310058594,4757200.0,28.09803009033203
2007-04-23,39.508338928222656,39.07814025878906,39.288848876953125,39.095699310302734,2587800.0,27.953664779663086
2007-04-24,39.46444320678711,39.183494567871094,39.33274841308594,39.288848876953125,2331500.0,28.091758728027344
2007-04-25,39.6575927734375,39.16593551635742,39.16593551635742,39.429325103759766,2115600.0,28.19218635559082
2007-04-26,39.56101989746094,39.04301834106445,39.35908508300781,39.069358825683594,1958700.0,27.934814453125
2007-04-27,39.84196853637695,38.955223083496094,39.069358825683594,39.6575927734375,2467900.0,28.355409622192383
2007-04-30,40.052677154541016,39.26251220703125,39.859527587890625,39.297630310058594,3631100.0,28.09803009033203
2007-05-01,40.93941879272461,39.75416946411133,40.079017639160156,40.92185974121094,5509400.0,29.25935173034668
2007-05-02,41.12379455566406,40.60579299926758,40.89552307128906,40.66725158691406,3957600.0,29.077314376831055
2007-05-03,40.93941879272461,40.62335205078125,40.711151123046875,40.78138732910156,2302100.0,29.15892219543457
2007-05-04,40.930641174316406,40.711151123046875,40.83406448364258,40.825286865234375,1829100.0,29.1903133392334
2007-05-07,41.05355453491211,40.825286865234375,40.825286865234375,40.86040496826172,1721800.0,29.215421676635742
2007-05-08,41.60667419433594,40.67603302001953,40.67603302001953,41.51009750366211,2859100.0,29.67996597290039
2007-05-09,42.76558303833008,41.31694412231445,41.32572555541992,42.66022872924805,7084800.0,30.502307891845703
2007-05-10,42.440738677978516,41.791046142578125,42.309043884277344,41.852500915527344,4058100.0,29.92478370666504
2007-05-11,42.2827033996582,41.9227409362793,42.1597900390625,42.24758529663086,2313600.0,30.207263946533203
2007-05-14,42.23002624511719,41.7032470703125,42.098331451416016,41.8086051940918,2097100.0,29.893390655517578
2007-05-15,42.238807678222656,41.668128967285156,41.82616424560547,41.791046142578125,2313000.0,29.88083839416504
2007-05-16,42.25636672973633,41.791046142578125,41.88761901855469,42.25636672973633,2553700.0,30.213539123535156
2007-05-17,43.45917510986328,42.20368576049805,43.45917510986328,42.27392578125,2821300.0,30.226106643676758
2007-05-18,42.756805419921875,42.2827033996582,42.3968391418457,42.69534683227539,3541700.0,30.52741241455078
2007-05-21,43.292362213134766,42.58121109008789,42.58999252319336,42.94117736816406,2965000.0,30.703189849853516
2007-05-22,43.21334457397461,42.6251106262207,42.94117736816406,43.090431213378906,2907900.0,30.80989646911621
2007-05-23,43.072872161865234,42.616329193115234,43.02897262573242,42.70412826538086,2286800.0,30.5336971282959
2007-05-24,43.187007904052734,42.502193450927734,42.56365203857422,42.77436447143555,2435100.0,30.583911895751953
2007-05-25,43.23968505859375,42.80070114135742,42.844600677490234,43.22212600708008,1907400.0,30.904064178466797
2007-05-29,43.53819274902344,42.94117736816406,43.09920883178711,43.072872161865234,2435000.0,30.797344207763672
2007-05-30,43.37137985229492,42.80948257446289,42.80948257446289,43.23090362548828,2399300.0,30.91034507751465
2007-05-31,43.801578521728516,43.10799026489258,43.1694450378418,43.634765625,2622600.0,31.199100494384766
2007-06-01,44.07374954223633,43.582088470458984,43.634765625,43.713783264160156,2953900.0,31.255603790283203
2007-06-04,44.16154479980469,43.43283462524414,43.43283462524414,43.99473190307617,2177800.0,31.456485748291016
2007-06-05,43.8542594909668,43.41527557373047,43.7401237487793,43.44161605834961,3081900.0,31.061004638671875
2007-06-06,43.59086990356445,42.99385452270508,43.380157470703125,43.54697036743164,2401300.0,31.136337280273438
2007-06-07,43.37137985229492,42.37928009033203,43.23090362548828,42.440738677978516,2871800.0,30.345369338989258
2007-06-08,42.66900634765625,42.1685676574707,42.54609298706055,42.502193450927734,3605600.0,30.389305114746094
2007-06-11,42.90605926513672,42.1685676574707,42.414398193359375,42.69534683227539,1753100.0,30.52741241455078
2007-06-12,42.756805419921875,42.14223098754883,42.48463439941406,42.186126708984375,2448600.0,30.1633243560791
2007-06-13,43.22212600708008,42.14223098754883,42.20368576049805,43.12554931640625,3460600.0,31.004053115844727
2007-06-14,43.21334457397461,42.89727783203125,43.11676788330078,42.949954986572266,2054300.0,30.87781524658203
2007-06-15,43.54697036743164,43.10799026489258,43.24846267700195,43.160667419433594,3443800.0,31.029296875
2007-06-18,43.204566955566406,42.89727783203125,43.160667419433594,42.90605926513672,2802500.0,30.846267700195312
2007-06-19,43.00263214111328,42.54609298706055,42.67778778076172,42.932395935058594,2030700.0,30.865184783935547
2007-06-20,43.01141357421875,42.440738677978516,42.949954986572266,42.49341583251953,2327400.0,30.549591064453125
2007-06-21,42.96751403808594,42.36172103881836,42.616329193115234,42.87971878051758,1863800.0,30.827320098876953
2007-06-22,42.89727783203125,42.3968391418457,42.6251106262207,42.49341583251953,3119300.0,30.549591064453125
2007-06-25,42.82704162597656,42.01931381225586,42.31782150268555,42.25636672973633,2491100.0,30.379165649414062
2007-06-26,42.59877014160156,42.14223098754883,42.37928009033203,42.20368576049805,2783700.0,30.34129524230957
2007-06-27,42.58121109008789,41.878841400146484,42.02809524536133,42.44951629638672,4403900.0,30.518035888671875
2007-06-28,42.96751403808594,42.14223098754883,42.31782150268555,42.502193450927734,2406700.0,30.555898666381836
2007-06-29,43.072872161865234,42.309043884277344,42.48463439941406,42.554874420166016,2491700.0,30.593774795532227
2007-07-02,43.064090728759766,42.519752502441406,42.82704162597656,42.78314208984375,2248300.0,30.757888793945312
2007-07-03,43.09920883178711,42.88850021362305,42.88850021362305,42.91483688354492,1624800.0,30.852563858032227
2007-07-05,43.09920883178711,42.756805419921875,42.862159729003906,42.870941162109375,1607400.0,30.821006774902344
2007-07-06,43.187007904052734,42.70412826538086,42.78314208984375,42.958736419677734,2658900.0,30.88412094116211
2007-07-09,43.064090728759766,42.730464935302734,42.91483688354492,42.949954986572266,2245400.0,30.87781524658203
2007-07-10,42.756805419921875,42.03687286376953,42.58121109008789,42.11589050292969,2679700.0,30.278182983398438
2007-07-11,42.37049865722656,41.97541809082031,42.01931381225586,42.300262451171875,2067500.0,30.41072654724121
2007-07-12,42.57243347167969,42.300262451171875,42.36172103881836,42.53731155395508,2236900.0,30.58115005493164
2007-07-13,43.160667419433594,42.48463439941406,42.616329193115234,43.00263214111328,1924900.0,30.915685653686523
2007-07-16,43.35382080078125,42.77436447143555,42.92361831665039,43.13432693481445,1341100.0,31.01035499572754
2007-07-17,43.11676788330078,42.80948257446289,43.02897262573242,43.01141357421875,2252200.0,30.9220027923584
2007-07-18,42.87971878051758,41.84372329711914,42.69534683227539,42.2827033996582,3338100.0,30.398109436035156
2007-07-19,42.870941162109375,42.33538055419922,42.54609298706055,42.756805419921875,1758800.0,30.738954544067383
2007-07-20,42.862159729003906,42.02809524536133,42.748023986816406,42.098331451416016,2828200.0,30.265554428100586
2007-07-23,42.554874420166016,42.13344955444336,42.300262451171875,42.24758529663086,1690100.0,30.37286949157715
2007-07-24,42.14223098754883,41.39596176147461,41.57155227661133,41.4661979675293,2540900.0,29.81109619140625
2007-07-25,41.896400451660156,40.96575927734375,41.474979400634766,41.16769027709961,2785300.0,29.596500396728516
2007-07-26,40.825286865234375,40.28972625732422,40.74626922607422,40.474098205566406,6503500.0,29.097856521606445
2007-07-27,40.52677917480469,39.89464569091797,40.395084381103516,39.90342330932617,4650000.0,28.687578201293945
2007-07-30,40.474098205566406,39.604915618896484,40.15803146362305,40.44776153564453,3526200.0,29.078916549682617
2007-07-31,41.650569915771484,40.38630294799805,40.491661071777344,40.75504684448242,5032400.0,29.299833297729492
2007-08-01,41.448638916015625,40.0,40.02634048461914,41.273048400878906,5519800.0,29.672239303588867
2007-08-02,41.86128234863281,41.12379455566406,41.25548553466797,41.71202850341797,2997800.0,29.987834930419922
2007-08-03,42.13344955444336,41.457420349121094,41.57155227661133,41.75592803955078,4973300.0,30.01938819885254
2007-08-06,42.22124481201172,41.07111358642578,41.132572174072266,42.17734909057617,5249300.0,30.322372436523438
2007-08-07,42.80070114135742,41.896400451660156,42.010536193847656,42.53731155395508,5419300.0,30.58115005493164
2007-08-08,43.14310836791992,41.852500915527344,41.852500915527344,43.046531677246094,4074800.0,30.947254180908203
2007-08-09,42.976295471191406,41.72080612182617,42.58121109008789,41.74714660644531,4412800.0,30.01308250427246
2007-08-10,42.932395935058594,41.26426696777344,41.48375701904297,42.5109748840332,3609900.0,30.562219619750977
2007-08-13,43.02019500732422,41.905181884765625,42.748023986816406,42.66900634765625,2987500.0,30.675825119018555
2007-08-14,42.70412826538086,41.905181884765625,42.66900634765625,41.94029998779297,2582100.0,30.151939392089844
2007-08-15,42.35293960571289,41.26426696777344,41.878841400146484,41.43986129760742,2523600.0,29.792163848876953
2007-08-16,41.7032470703125,40.254608154296875,41.26426696777344,40.930641174316406,5020200.0,29.42608070373535
2007-08-17,41.83494186401367,40.74626922607422,41.83494186401367,41.29938507080078,4355400.0,29.691177368164062
2007-08-20,41.448638916015625,40.72871017456055,41.26426696777344,41.115013122558594,2053500.0,29.55862808227539
2007-08-21,41.30816650390625,40.790164947509766,40.95698165893555,40.98331832885742,1624700.0,29.463943481445312
2007-08-22,41.29938507080078,40.8077278137207,41.19403076171875,41.229148864746094,2312300.0,29.640676498413086
2007-08-23,41.62423324584961,40.84284591674805,41.49253845214844,41.09745407104492,2059000.0,29.546001434326172
2007-08-24,41.044776916503906,40.5794563293457,41.00965881347656,40.95698165893555,2791900.0,29.445011138916016
2007-08-27,41.40473937988281,40.83406448364258,40.83406448364258,40.89552307128906,1784100.0,29.400827407836914
2007-08-28,40.913082122802734,40.38630294799805,40.6935920715332,40.42142105102539,2705000.0,29.05998420715332
2007-08-29,40.73748779296875,40.38630294799805,40.6935920715332,40.67603302001953,2612700.0,29.2430362701416
2007-08-30,40.87796401977539,39.71027374267578,40.395084381103516,40.21949005126953,3347700.0,28.91480827331543
2007-08-31,40.64969253540039,40.09657669067383,40.51799774169922,40.15803146362305,3893300.0,28.87062644958496
2007-09-04,40.684810638427734,40.166812896728516,40.175594329833984,40.40386199951172,3218400.0,29.04735565185547
2007-09-05,40.597015380859375,40.035118103027344,40.228271484375,40.491661071777344,3121900.0,29.1104793548584
2007-09-06,40.73748779296875,40.21071243286133,40.28972625732422,40.52677917480469,2738200.0,29.135738372802734
2007-09-07,40.3424072265625,39.16593551635742,40.1229133605957,39.27128982543945,5018700.0,28.233121871948242
2007-09-10,39.37664794921875,39.00790023803711,39.24495315551758,39.00790023803711,4598100.0,28.043771743774414
2007-09-11,39.33274841308594,38.93766403198242,39.1922721862793,39.086917877197266,3968500.0,28.100568771362305
2007-09-12,39.32396697998047,38.80596923828125,38.91132736206055,39.1922721862793,3412700.0,28.343097686767578
2007-09-13,39.39420700073242,38.841087341308594,39.315189361572266,38.955223083496094,3278300.0,28.171661376953125
2007-09-14,39.13081741333008,38.551361083984375,38.753292083740234,39.04301834106445,2278100.0,28.235164642333984
2007-09-17,38.99034118652344,38.70939254760742,38.858646392822266,38.93766403198242,2311400.0,28.15896987915039
2007-09-18,39.622474670410156,38.84986877441406,39.02545928955078,39.57857894897461,3496900.0,28.62245750427246
2007-09-19,40.86040496826172,40.04389953613281,40.10535430908203,40.588233947753906,3969400.0,29.352630615234375
2007-09-20,40.73748779296875,40.38630294799805,40.482879638671875,40.51799774169922,2810700.0,29.30183219909668
2007-09-21,40.8077278137207,40.474098205566406,40.8077278137207,40.6935920715332,5402200.0,29.42881965637207
2007-09-24,40.75504684448242,40.263389587402344,40.4653205871582,40.29850769042969,2598800.0,29.143102645874023
2007-09-25,41.00965881347656,40.1141357421875,40.15803146362305,40.78138732910156,3166900.0,29.492313385009766
2007-09-26,41.28182601928711,40.76382827758789,41.000877380371094,40.913082122802734,2797800.0,29.58755111694336
2007-09-27,41.07111358642578,40.1229133605957,40.84284591674805,40.42142105102539,3123800.0,29.231990814208984
2007-09-28,40.63213348388672,40.140472412109375,40.33362579345703,40.32484817504883,2396900.0,29.16214942932129
2007-10-01,41.106231689453125,40.29850769042969,40.30728530883789,41.106231689453125,2317200.0,29.727243423461914
2007-10-02,41.334503173828125,40.84284591674805,41.158912658691406,41.31694412231445,2007000.0,29.87961769104004
2007-10-03,41.71202850341797,41.044776916503906,41.106231689453125,41.60667419433594,1812000.0,30.089153289794922
2007-10-04,41.79982376098633,41.49253845214844,41.61545181274414,41.60667419433594,1492700.0,30.089153289794922
2007-10-05,42.29148483276367,41.77348709106445,41.77348709106445,42.11589050292969,2363000.0,30.45740509033203
2007-10-08,42.194908142089844,41.72958755493164,42.02809524536133,42.14223098754883,1330300.0,30.476449966430664
2007-10-09,42.44951629638672,42.02809524536133,42.14223098754883,42.40562057495117,1461400.0,30.666933059692383
2007-10-10,42.47585678100586,42.045654296875,42.309043884277344,42.31782150268555,1414800.0,30.60342788696289
2007-10-11,42.57243347167969,41.791046142578125,42.40562057495117,42.0544319152832,1413400.0,30.41295623779297
2007-10-12,42.554874420166016,41.95785903930664,42.194908142089844,42.36172103881836,1012300.0,30.635183334350586
2007-10-15,42.440738677978516,41.791046142578125,42.15100860595703,42.07199478149414,2568300.0,30.4256534576416
2007-10-16,42.25636672973633,41.870059967041016,42.080772399902344,41.905181884765625,2812100.0,30.305034637451172
2007-10-17,42.11589050292969,41.7032470703125,42.11589050292969,41.878841400146484,4364700.0,30.285968780517578
2007-10-18,42.3880615234375,41.782264709472656,41.83494186401367,42.31782150268555,2291400.0,30.60342788696289
2007-10-19,42.27392578125,41.7032470703125,42.14223098754883,41.72080612182617,3532600.0,30.171676635742188
2007-10-22,41.68568801879883,41.220367431640625,41.31694412231445,41.553993225097656,1861300.0,30.051042556762695
2007-10-23,41.7032470703125,40.98331832885742,41.7032470703125,41.54521560668945,2032300.0,30.044694900512695
2007-10-24,41.57155227661133,40.570674896240234,41.422298431396484,41.141353607177734,2861900.0,29.752635955810547
2007-10-25,41.4661979675293,40.60579299926758,41.360843658447266,40.84284591674805,2230900.0,29.53675651550293
2007-10-26,41.08867263793945,40.711151123046875,40.96575927734375,40.886741638183594,1659700.0,29.56850814819336
2007-10-29,41.7032470703125,41.027217864990234,41.07111358642578,41.422298431396484,2762700.0,29.955810546875
2007-10-30,43.59086990356445,42.07199478149414,42.68656539916992,42.71290588378906,4809500.0,30.889158248901367
2007-10-31,43.73134231567383,42.835819244384766,42.91483688354492,43.5118522644043,3802000.0,31.466943740844727
2007-11-01,43.266021728515625,42.0544319152832,43.22212600708008,42.13344955444336,3043700.0,30.470096588134766
2007-11-02,42.958736419677734,42.124671936035156,42.22124481201172,42.730464935302734,3020600.0,30.901851654052734
2007-11-05,43.41527557373047,42.309043884277344,42.7392463684082,43.22212600708008,2939300.0,31.257413864135742
2007-11-06,43.5118522644043,42.844600677490234,43.187007904052734,43.5118522644043,2779800.0,31.466943740844727
2007-11-07,43.44161605834961,42.58121109008789,43.23968505859375,42.633888244628906,3202200.0,30.832015991210938
2007-11-08,42.756805419921875,41.49253845214844,42.66900634765625,41.764705657958984,4513800.0,30.203428268432617
2007-11-09,41.64179229736328,41.027217864990234,41.40473937988281,41.027217864990234,2861700.0,29.67009735107422
2007-11-12,41.57155227661133,40.85162353515625,40.85162353515625,40.930641174316406,2786300.0,29.600261688232422
2007-11-13,41.40473937988281,40.798946380615234,41.19403076171875,41.40473937988281,2649800.0,29.943117141723633
2007-11-14,42.08955383300781,41.06233596801758,41.65935134887695,41.63301086425781,3174300.0,30.108203887939453
2007-11-15,41.82616424560547,41.00965881347656,41.553993225097656,41.16769027709961,2453400.0,29.77168846130371
2007-11-16,41.562774658203125,40.83406448364258,41.54521560668945,41.40473937988281,2621500.0,29.943117141723633
2007-11-19,41.25548553466797,40.32484817504883,41.06233596801758,40.44776153564453,2692200.0,29.25104331970215
2007-11-20,40.913082122802734,40.00878143310547,40.597015380859375,40.42142105102539,3518100.0,29.231990814208984
2007-11-21,40.29850769042969,39.55223846435547,40.166812896728516,39.66637420654297,3566700.0,28.68596649169922
2007-11-23,40.254608154296875,39.824405670166016,39.850746154785156,40.149253845214844,1154000.0,29.035173416137695
2007-11-26,40.3424072265625,39.429325103759766,40.228271484375,39.44688415527344,2599600.0,28.527225494384766
2007-11-27,39.78928756713867,39.12203598022461,39.78928756713867,39.56101989746094,3652000.0,28.609773635864258
2007-11-28,40.09657669067383,39.543460845947266,39.56101989746094,40.035118103027344,3161800.0,28.95262908935547
2007-11-29,40.18437194824219,39.7629508972168,39.86830520629883,39.833187103271484,2327000.0,28.80660057067871
2007-11-30,39.964881896972656,39.37664794921875,39.84196853637695,39.56101989746094,3741800.0,28.609773635864258
2007-12-03,40.1141357421875,39.315189361572266,39.508338928222656,39.71027374267578,2399800.0,28.717708587646484
2007-12-04,39.89464569091797,39.3064079284668,39.39420700073242,39.44688415527344,3128900.0,28.527225494384766
2007-12-05,40.395084381103516,39.736610412597656,39.736610412597656,40.02634048461914,2630800.0,28.946273803710938
2007-12-06,40.24583053588867,39.84196853637695,40.00878143310547,40.24583053588867,2199700.0,29.105010986328125
2007-12-07,40.41264343261719,39.920982360839844,40.2370491027832,39.99121856689453,1963400.0,28.920883178710938
2007-12-10,41.000877380371094,40.1229133605957,40.166812896728516,40.886741638183594,1841500.0,29.56850814819336
2007-12-11,41.018436431884766,39.920982360839844,40.86918258666992,39.964881896972656,2048300.0,28.901826858520508
2007-12-12,40.72871017456055,39.6575927734375,40.509220123291016,40.07023620605469,2707600.0,29.189830780029297
2007-12-13,40.368743896484375,39.75416946411133,39.79806900024414,40.28972625732422,1657000.0,29.349735260009766
2007-12-14,40.09657669067383,39.27128982543945,39.78050994873047,39.45566177368164,2191000.0,28.74213981628418
2007-12-17,39.46444320678711,38.84986877441406,39.35908508300781,38.84986877441406,1954600.0,28.300838470458984
2007-12-18,39.35908508300781,38.867427825927734,39.05179977416992,39.227394104003906,2019100.0,28.575857162475586
2007-12-19,39.622474670410156,38.92010498046875,39.315189361572266,39.21861267089844,2199800.0,28.569454193115234
2007-12-20,39.58735656738281,38.93766403198242,39.429325103759766,39.06058120727539,2457300.0,28.454330444335938
2007-12-21,39.56101989746094,39.25373077392578,39.48200225830078,39.48200225830078,3551600.0,28.76133918762207
2007-12-24,40.38630294799805,39.61369705200195,39.6488151550293,40.18437194824219,840600.0,29.272972106933594
2007-12-26,40.02634048461914,39.58735656738281,39.850746154785156,39.850746154785156,987600.0,29.029951095581055
2007-12-27,39.81562805175781,39.07814025878906,39.745391845703125,39.10447692871094,1700700.0,28.486310958862305
2007-12-28,39.508338928222656,39.01668167114258,39.07814025878906,39.25373077392578,1185100.0,28.595035552978516
2007-12-31,39.26251220703125,38.893768310546875,39.07814025878906,39.095699310302734,1199000.0,28.47993278503418
2008-01-02,39.209835052490234,37.86655044555664,39.069358825683594,37.9455680847168,3027500.0,27.642093658447266
2008-01-03,38.13871765136719,37.383670806884766,38.13871765136719,37.66461944580078,3036000.0,27.437429428100586
2008-01-04,37.32221221923828,35.7945556640625,37.27831268310547,35.99648666381836,4917500.0,26.222251892089844
2008-01-07,37.041263580322266,35.961368560791016,36.15452194213867,36.77787399291992,3653000.0,26.791467666625977
2008-01-08,37.12028121948242,36.33011245727539,37.03248596191406,36.44424819946289,3741600.0,26.548423767089844
2008-01-09,36.76031494140625,36.12818145751953,36.391571044921875,36.505706787109375,2966100.0,26.593191146850586
2008-01-10,36.98858642578125,36.11062240600586,36.163299560546875,36.725196838378906,3519300.0,26.75308609008789
2008-01-11,36.496925354003906,35.82089614868164,36.46180725097656,36.06672668457031,3340900.0,26.273406982421875
2008-01-14,36.286216735839844,35.16242218017578,36.286216735839844,35.29411697387695,3879800.0,25.710590362548828
2008-01-15,35.61018371582031,35.03950881958008,35.03950881958008,35.206321716308594,2909100.0,25.646638870239258
2008-01-16,35.434593200683594,34.82879638671875,35.118526458740234,34.98683166503906,4017200.0,25.48674964904785
2008-01-17,35.23265838623047,34.468833923339844,34.995609283447266,34.53907012939453,3682600.0,25.160568237304688
2008-01-18,35.2150993347168,34.354698181152344,34.70588302612305,34.72344207763672,4256600.0,25.29487419128418
2008-01-22,34.61808776855469,33.37137985229492,33.37137985229492,34.29323959350586,6510400.0,24.981483459472656
2008-01-23,34.6707649230957,33.14310836791992,33.36259841918945,34.661983489990234,6180100.0,25.25010108947754
2008-01-24,34.6707649230957,33.70500564575195,34.6707649230957,34.029850006103516,3936100.0,24.789615631103516
2008-01-25,34.4424934387207,33.87181854248047,34.31079864501953,34.02107238769531,3458100.0,24.783218383789062
2008-01-28,34.70588302612305,33.924495697021484,34.13520812988281,34.688323974609375,3505300.0,25.269296646118164
2008-01-29,34.890254974365234,34.51272964477539,34.83757781982422,34.69710159301758,2370700.0,25.27569007873535
2008-01-30,35.118526458740234,34.47761154174805,34.75856018066406,34.63564682006836,2542400.0,25.230913162231445
2008-01-31,35.8999137878418,34.06496810913086,34.40737533569336,35.627742767333984,5395300.0,25.953617095947266
2008-02-01,35.72431945800781,34.29323959350586,35.72431945800781,35.092185974121094,5503100.0,25.563501358032227
2008-02-04,35.118526458740234,34.76734161376953,34.98683166503906,34.890254974365234,2350500.0,25.416393280029297
2008-02-05,34.50395202636719,33.84547805786133,34.345916748046875,33.915714263916016,4470000.0,24.70647621154785
2008-02-06,34.152767181396484,33.23090362548828,34.152767181396484,33.2835807800293,3683600.0,24.24597930908203
2008-02-07,33.73134231567383,33.13432693481445,33.151885986328125,33.52941131591797,4377600.0,24.42506217956543
2008-02-08,33.44161605834961,33.151885986328125,33.41527557373047,33.274803161621094,2693600.0,24.239595413208008
2008-02-11,33.924495697021484,33.19578552246094,33.19578552246094,33.75768280029297,2638100.0,24.591352462768555
2008-02-12,34.73221969604492,33.898155212402344,33.898155212402344,34.51272964477539,3714300.0,25.141376495361328
2008-02-13,35.06584548950195,34.59174728393555,34.70588302612305,34.96927261352539,3457200.0,25.473955154418945
2008-02-14,34.95171356201172,34.62686538696289,34.93415451049805,34.793678283691406,3598300.0,25.346040725708008
2008-02-15,35.021949768066406,34.60052490234375,34.7849006652832,34.890254974365234,3754700.0,25.416393280029297
2008-02-19,35.136085510253906,34.62686538696289,35.092185974121094,34.70588302612305,2923500.0,25.282081604003906
2008-02-20,35.49604797363281,34.345916748046875,34.47761154174805,35.320457458496094,3911200.0,25.729782104492188
2008-02-21,35.71554183959961,35.118526458740234,35.37313461303711,35.16242218017578,2203500.0,25.614654541015625
2008-02-22,35.7857780456543,35.08340835571289,35.3292350769043,35.741878509521484,3722100.0,26.036773681640625
2008-02-25,35.99648666381836,35.539947509765625,35.82089614868164,35.95259094238281,3653300.0,26.19027328491211
2008-02-26,36.20719909667969,35.136085510253906,35.136085510253906,35.7945556640625,4676700.0,26.075143814086914
2008-02-27,36.06672668457031,35.566287994384766,35.566287994384766,35.829673767089844,3251600.0,26.10072898864746
2008-02-28,35.72431945800781,35.26778030395508,35.72431945800781,35.37313461303711,3506100.0,25.768156051635742
2008-02-29,35.2150993347168,34.863914489746094,35.118526458740234,35.07462692260742,7307400.0,25.550704956054688
2008-03-03,35.38191223144531,35.03072738647461,35.03072738647461,35.311676025390625,3526000.0,25.723384857177734
2008-03-04,35.46971130371094,34.907814025878906,35.07462692260742,35.36435317993164,3959600.0,25.761760711669922
2008-03-05,35.680419921875,34.89903259277344,35.197540283203125,35.29411697387695,3100900.0,25.710590362548828
2008-03-06,35.59262466430664,35.092185974121094,35.2150993347168,35.24143981933594,3076700.0,25.672224044799805
2008-03-07,35.118526458740234,34.258121490478516,35.01316833496094,34.42493438720703,4701600.0,25.077415466308594
2008-03-10,34.69710159301758,34.240562438964844,34.240562438964844,34.42493438720703,4546600.0,25.077415466308594
2008-03-11,35.197540283203125,34.49517059326172,34.802459716796875,35.12730407714844,3555300.0,25.589075088500977
2008-03-12,35.434593200683594,34.7849006652832,34.863914489746094,35.17120361328125,2775700.0,25.834325790405273
2008-03-13,35.35557556152344,34.468833923339844,34.82001876831055,35.021949768066406,3992400.0,25.72470474243164
2008-03-14,35.34679412841797,34.36347579956055,35.206321716308594,34.565406799316406,4607900.0,25.38935661315918
2008-03-17,34.5566291809082,33.81914138793945,33.81914138793945,34.04740905761719,4422000.0,25.008867263793945
2008-03-18,35.41703414916992,34.36347579956055,34.49517059326172,35.39947509765625,4793800.0,26.002012252807617
2008-03-19,35.99648666381836,35.34679412841797,35.50482940673828,35.36435317993164,4533500.0,25.976211547851562
2008-03-20,36.01404571533203,35.320457458496094,35.40825271606445,35.95259094238281,5116300.0,26.408292770385742
2008-03-24,36.78665542602539,35.5575065612793,36.084285736083984,36.67251968383789,3032000.0,26.937089920043945
2008-03-25,37.33977127075195,36.65496063232422,36.65496063232422,37.251976013183594,4761700.0,27.36271858215332
2008-03-26,37.59437942504883,36.87445068359375,36.98858642578125,37.21685791015625,3661400.0,27.336936950683594
2008-03-27,37.445125579833984,36.69886016845703,37.23441696166992,36.86567306518555,3737100.0,27.0789737701416
2008-03-28,37.08516311645508,36.64617919921875,37.03248596191406,36.69007873535156,2504200.0,26.949996948242188
2008-03-31,37.41000747680664,36.6022834777832,36.6022834777832,37.21685791015625,3056100.0,27.336936950683594
2008-04-01,38.103599548339844,37.31343460083008,37.40122985839844,38.103599548339844,3067800.0,27.98826789855957
2008-04-02,38.867427825927734,38.0684814453125,38.0684814453125,38.463565826416016,3839300.0,28.252676010131836
2008-04-03,38.40210723876953,37.954345703125,38.27919387817383,38.0684814453125,3024200.0,27.96246910095215
2008-04-04,38.67427444458008,37.9455680847168,37.97190475463867,38.5338020324707,2584900.0,28.30426788330078
2008-04-07,38.80596923828125,37.901668548583984,38.80596923828125,38.033363342285156,2771700.0,27.936676025390625
2008-04-08,38.033363342285156,37.66461944580078,37.8402099609375,37.82265090942383,2183400.0,27.781902313232422
2008-04-09,37.919227600097656,37.383670806884766,37.76997375488281,37.62071990966797,1634200.0,27.63358497619629
2008-04-10,37.8314323425293,37.2607536315918,37.55048370361328,37.6031608581543,2125400.0,27.620683670043945
2008-04-11,37.40122985839844,36.80421447753906,37.19929885864258,36.85689163208008,1851700.0,27.072519302368164
2008-04-14,37.137840270996094,36.76031494140625,36.78665542602539,36.927127838134766,1445600.0,27.12411880493164
2008-04-15,37.22563552856445,36.85689163208008,37.17295837402344,37.14662170410156,1339100.0,27.285343170166016
2008-04-16,38.05092239379883,37.357330322265625,37.53292465209961,38.02458190917969,2230900.0,27.930219650268555
2008-04-17,38.261634826660156,37.892887115478516,38.05092239379883,38.129940032958984,1429700.0,28.007617950439453
2008-04-18,38.58647918701172,37.51536560058594,38.51624298095703,38.47234344482422,1828300.0,28.259126663208008
2008-04-21,38.4196662902832,38.0772590637207,38.27919387817383,38.34064865112305,1799300.0,28.162389755249023
2008-04-22,38.217735290527344,37.75241470336914,38.11238098144531,38.05092239379883,1957700.0,27.949575424194336
2008-04-23,38.56013870239258,37.88410949707031,38.27919387817383,38.22651290893555,2646200.0,28.07855224609375
2008-04-24,38.80596923828125,38.129940032958984,38.31431198120117,38.63037872314453,2324800.0,28.375202178955078
2008-04-25,38.74451446533203,38.27041244506836,38.73573303222656,38.70061492919922,2962900.0,28.426799774169922
2008-04-28,38.84986877441406,38.42844772338867,38.62159729003906,38.45478439331055,1641500.0,28.246225357055664
2008-04-29,38.59526062011719,38.261634826660156,38.48112487792969,38.331871032714844,2278500.0,28.15593719482422
2008-04-30,39.43810272216797,37.56804275512695,38.331871032714844,38.80596923828125,3183300.0,28.504180908203125
2008-05-01,39.71027374267578,38.463565826416016,38.639156341552734,39.69271469116211,2842700.0,29.155529022216797
2008-05-02,39.183494567871094,37.50658416748047,38.999122619628906,37.8314323425293,4362800.0,27.78835105895996
2008-05-05,38.217735290527344,37.65583801269531,37.65583801269531,38.129940032958984,2161700.0,28.007617950439453
2008-05-06,38.349430084228516,37.59437942504883,37.77875518798828,38.20017623901367,1943700.0,28.059206008911133
2008-05-07,38.45478439331055,37.7172966003418,38.08604049682617,37.85776901245117,3005500.0,27.807701110839844
2008-05-08,38.08604049682617,37.43634796142578,38.0684814453125,37.62071990966797,3572300.0,27.63358497619629
2008-05-09,37.99824523925781,37.22563552856445,37.42756652832031,37.8402099609375,1870500.0,27.7947940826416
2008-05-12,38.542579650878906,37.64706039428711,37.66461944580078,38.437225341796875,1619800.0,28.23332977294922
2008-05-13,38.62159729003906,38.17383575439453,38.437225341796875,38.410884857177734,1650200.0,28.213972091674805
2008-05-14,39.06058120727539,38.410884857177734,38.45478439331055,38.73573303222656,1522200.0,28.452598571777344
2008-05-15,38.972782135009766,38.36698913574219,38.63037872314453,38.90254592895508,2013100.0,28.575117111206055
2008-05-16,38.858646392822266,38.331871032714844,38.81475067138672,38.51624298095703,1990600.0,28.291372299194336
2008-05-19,38.6479377746582,38.24407196044922,38.45478439331055,38.349430084228516,2280000.0,28.1688289642334
2008-05-20,38.47234344482422,37.989463806152344,38.13871765136719,38.17383575439453,2630400.0,28.03986167907715
2008-05-21,38.42844772338867,37.55048370361328,38.28797149658203,37.6119384765625,3520800.0,27.627132415771484
2008-05-22,37.7172966003418,37.137840270996094,37.59437942504883,37.32221221923828,3328000.0,27.41431999206543
2008-05-23,37.21685791015625,36.593502044677734,37.21685791015625,36.707637786865234,2897100.0,26.9628849029541
2008-05-27,37.357330322265625,36.65496063232422,36.65496063232422,37.251976013183594,3583900.0,27.36271858215332
2008-05-28,37.6119384765625,37.05882263183594,37.27831268310547,37.31343460083008,3147600.0,27.407869338989258
2008-05-29,37.98068618774414,37.30465316772461,37.33099365234375,37.73485565185547,1684400.0,27.717411041259766
2008-05-30,38.08604049682617,37.576820373535156,37.76997375488281,37.79631423950195,2160900.0,27.76255989074707
2008-06-02,38.094818115234375,37.251976013183594,37.66461944580078,37.53292465209961,2770600.0,27.56908416748047
2008-06-03,38.1826171875,37.55048370361328,37.6031608581543,37.8402099609375,2751400.0,27.7947940826416
2008-06-04,38.27919387817383,37.75241470336914,37.79631423950195,38.129940032958984,2485700.0,28.007617950439453
2008-06-05,38.779632568359375,38.16505813598633,38.28797149658203,38.726951599121094,3197500.0,28.44613265991211
2008-06-06,38.48112487792969,37.19929885864258,38.48112487792969,37.21685791015625,3743500.0,27.336936950683594
2008-06-09,37.96312713623047,37.269535064697266,37.96312713623047,37.75241470336914,2772700.0,27.730316162109375
2008-06-10,38.13871765136719,37.33977127075195,37.52414321899414,37.86655044555664,2380000.0,27.814149856567383
2008-06-11,37.787532806396484,37.023704528808594,37.787532806396484,37.09394073486328,3158500.0,27.456926345825195
2008-06-12,37.85776901245117,37.10272216796875,37.10272216796875,37.40122985839844,2470700.0,27.68437385559082
2008-06-13,38.261634826660156,37.51536560058594,37.51536560058594,37.875328063964844,2823800.0,28.035301208496094
2008-06-16,38.0772590637207,37.445125579833984,37.65583801269531,37.954345703125,2423500.0,28.093799591064453
2008-06-17,38.22651290893555,37.66461944580078,38.015804290771484,37.66461944580078,2299200.0,27.87934684753418
2008-06-18,37.62071990966797,37.181739807128906,37.45390701293945,37.269535064697266,2695800.0,27.586904525756836
2008-06-19,37.901668548583984,37.050045013427734,37.181739807128906,37.68217849731445,2132300.0,27.892332077026367
2008-06-20,37.6119384765625,37.137840270996094,37.383670806884766,37.40122985839844,3828900.0,27.68437385559082
2008-06-23,37.56804275512695,37.137840270996094,37.27831268310547,37.23441696166992,2437300.0,27.56090545654297
2008-06-24,37.31343460083008,36.725196838378906,36.927127838134766,36.935909271240234,3255800.0,27.339954376220703
2008-06-25,37.64706039428711,36.78665542602539,36.78665542602539,37.27831268310547,3158500.0,27.593399047851562
2008-06-26,37.19929885864258,36.69886016845703,36.80421447753906,36.76031494140625,3018800.0,27.20998191833496
2008-06-27,36.76909637451172,36.215980529785156,36.725196838378906,36.55838394165039,3212800.0,27.060497283935547
2008-06-30,37.20807647705078,36.26865768432617,36.54960632324219,36.78665542602539,3526700.0,27.229473114013672
2008-07-01,37.54170227050781,36.303775787353516,36.303775787353516,37.42756652832031,4614200.0,27.703874588012695
2008-07-02,37.86655044555664,36.87445068359375,37.4890251159668,36.96224594116211,5088900.0,27.359445571899414
2008-07-03,37.45390701293945,36.839332580566406,37.19929885864258,36.94468688964844,2049100.0,27.34644317626953
2008-07-07,37.41878890991211,36.57594299316406,37.023704528808594,36.97102737426758,3978400.0,27.365934371948242
2008-07-08,37.45390701293945,36.707637786865234,36.99736785888672,37.445125579833984,3888000.0,27.716867446899414
2008-07-09,37.75241470336914,36.812992095947266,37.445125579833984,36.812992095947266,2564000.0,27.24895668029785
2008-07-10,37.00614547729492,36.417911529541016,36.90079116821289,36.909568786621094,2597700.0,27.320449829101562
2008-07-11,36.953468322753906,35.970149993896484,36.54960632324219,36.40913009643555,3377500.0,26.950023651123047
2008-07-14,36.935909271240234,35.80333709716797,36.76909637451172,35.95259094238281,2836100.0,26.61210060119629
2008-07-15,36.417911529541016,35.34679412841797,35.759437561035156,36.04916763305664,2741200.0,26.683578491210938
2008-07-16,36.76909637451172,35.77699661254883,36.11062240600586,36.74275588989258,2057700.0,27.196979522705078
2008-07-17,37.42756652832031,36.44424819946289,36.812992095947266,37.22563552856445,3142200.0,27.554397583007812
2008-07-18,37.4890251159668,36.94468688964844,37.33099365234375,37.40122985839844,3391000.0,27.68437385559082
2008-07-21,37.41000747680664,36.75153732299805,37.2607536315918,37.40122985839844,3422100.0,27.68437385559082
2008-07-22,37.92800521850586,37.17295837402344,37.357330322265625,37.92800521850586,2465500.0,28.074298858642578
2008-07-23,38.05092239379883,37.23441696166992,37.98068618774414,37.445125579833984,4126500.0,27.716867446899414
2008-07-24,36.812992095947266,36.163299560546875,36.812992095947266,36.26865768432617,5313500.0,26.846052169799805
2008-07-25,36.6022834777832,35.95259094238281,36.57594299316406,36.075504302978516,3075300.0,26.703075408935547
2008-07-28,35.99648666381836,35.452152252197266,35.847232818603516,35.47848892211914,2815300.0,26.26116180419922
2008-07-29,35.81211471557617,35.35557556152344,35.38191223144531,35.60140609741211,3565600.0,26.352153778076172
2008-07-30,36.69886016845703,35.69797897338867,35.8999137878418,36.496925354003906,2746200.0,27.01500701904297
2008-07-31,37.88410949707031,36.87445068359375,37.01492691040039,37.497806549072266,5206300.0,27.75586700439453
2008-08-01,37.91044616699219,36.98858642578125,37.68217849731445,37.70851516723633,3167700.0,27.911836624145508
2008-08-04,38.331871032714844,37.56804275512695,37.74363327026367,38.129940032958984,2734500.0,28.22376823425293
2008-08-05,38.884986877441406,38.0684814453125,38.35820770263672,38.84986877441406,2741000.0,28.75666046142578
2008-08-06,39.03424072265625,38.24407196044922,38.63037872314453,39.02545928955078,2564000.0,28.886632919311523
2008-08-07,38.84986877441406,38.05970001220703,38.67427444458008,38.40210723876953,2107300.0,28.42522430419922
2008-08-08,39.5346794128418,38.31431198120117,38.36698913574219,39.517120361328125,3255900.0,29.250558853149414
2008-08-11,40.061458587646484,39.183494567871094,39.24495315551758,39.850746154785156,2505000.0,29.49751091003418
2008-08-12,39.920982360839844,39.47322082519531,39.58735656738281,39.68393325805664,1555600.0,29.374025344848633
2008-08-13,39.7629508972168,39.12203598022461,39.49956130981445,39.508338928222656,1621500.0,29.244054794311523
2008-08-14,39.947322845458984,39.15715408325195,39.288848876953125,39.806846618652344,1741900.0,29.465023040771484
2008-08-15,40.2370491027832,39.543460845947266,39.89464569091797,40.13169479370117,2102200.0,29.70547103881836
2008-08-18,40.263389587402344,39.604915618896484,40.1229133605957,39.78050994873047,1572800.0,29.445514678955078
2008-08-19,39.183494567871094,38.1913948059082,38.20017623901367,38.78841018676758,3098800.0,28.711170196533203
2008-08-20,39.27128982543945,38.551361083984375,38.981563568115234,38.80596923828125,1949300.0,28.724163055419922
2008-08-21,39.33274841308594,38.34064865112305,38.525020599365234,39.26251220703125,1940400.0,29.062108993530273
2008-08-22,39.78928756713867,39.24495315551758,39.48200225830078,39.622474670410156,1668100.0,29.32854652404785
2008-08-25,39.429325103759766,38.639156341552734,39.429325103759766,38.71817398071289,1522800.0,28.6591796875
2008-08-26,38.99034118652344,38.437225341796875,38.73573303222656,38.83230972290039,1528000.0,28.743669509887695
2008-08-27,39.43810272216797,38.753292083740234,38.93766403198242,39.32396697998047,1846600.0,29.107582092285156
2008-08-28,39.508338928222656,39.1922721862793,39.32396697998047,39.44688415527344,2143900.0,29.198566436767578
2008-08-29,39.402984619140625,38.893768310546875,39.209835052490234,38.96400451660156,2037600.0,28.841140747070312
2008-09-02,40.01755905151367,39.429325103759766,39.43810272216797,39.622474670410156,2970700.0,29.32854652404785
2008-09-03,40.27216720581055,39.48200225830078,39.70149230957031,40.166812896728516,4575200.0,29.731456756591797
2008-09-04,40.33362579345703,39.01668167114258,40.07023620605469,39.069358825683594,3440600.0,28.91912841796875
2008-09-05,38.87620544433594,38.235294342041016,38.81475067138672,38.770851135253906,3320200.0,28.698171615600586
2008-09-08,40.24583053588867,39.3064079284668,39.34152603149414,40.24583053588867,4010900.0,29.78995132446289
2008-09-09,40.35996627807617,39.34152603149414,40.228271484375,39.39420700073242,3869600.0,29.159568786621094
2008-09-10,39.71027374267578,38.779632568359375,39.71027374267578,39.14837646484375,2481600.0,29.1925106048584
2008-09-11,39.67515182495117,38.323089599609375,38.70061492919922,39.622474670410156,2946100.0,29.546049118041992
2008-09-12,39.824405670166016,39.183494567871094,39.288848876953125,39.745391845703125,2425200.0,29.637697219848633
2008-09-15,39.938541412353516,38.81475067138672,39.07814025878906,38.884986877441406,3260500.0,28.996126174926758
2008-09-16,39.288848876953125,37.699737548828125,38.49868392944336,39.00790023803711,5135700.0,29.0877628326416
2008-09-17,38.68305587768555,37.19051742553711,38.5338020324707,37.22563552856445,4232800.0,27.758745193481445
2008-09-18,38.93766403198242,36.57594299316406,37.8314323425293,38.235294342041016,6166800.0,28.511642456054688
2008-09-19,40.166812896728516,38.56013870239258,39.27128982543945,39.174713134765625,5642200.0,29.21215057373047
2008-09-22,39.086917877197266,37.52414321899414,39.01668167114258,37.787532806396484,3037300.0,28.177743911743164
2008-09-23,38.28797149658203,37.20807647705078,37.813873291015625,37.22563552856445,2326700.0,27.758745193481445
2008-09-24,37.6119384765625,36.90079116821289,37.29587173461914,37.34855270385742,2507100.0,27.850406646728516
2008-09-25,38.208953857421875,37.32221221923828,37.6119384765625,37.85776901245117,2526700.0,28.23012351989746
2008-09-26,38.48112487792969,37.3748893737793,37.45390701293945,38.39332580566406,2267700.0,28.62948226928711
2008-09-29,38.147499084472656,36.057945251464844,37.892887115478516,36.56716537475586,4358400.0,27.267732620239258
2008-09-30,37.585601806640625,36.52326583862305,36.96224594116211,37.53292465209961,4264600.0,27.987882614135742
2008-10-01,37.690956115722656,36.76909637451172,37.19929885864258,36.98858642578125,4000700.0,27.58197593688965
2008-10-02,36.86567306518555,35.99648666381836,36.69886016845703,35.99648666381836,4191600.0,26.842191696166992
2008-10-03,37.4890251159668,36.18085861206055,36.417911529541016,36.24231719970703,4337400.0,27.025497436523438
2008-10-06,35.99648666381836,33.23968505859375,35.59262466430664,33.801578521728516,7898700.0,25.205469131469727
2008-10-07,34.486392974853516,32.91483688354492,34.170326232910156,33.03775405883789,6519400.0,24.635887145996094
2008-10-08,33.6259880065918,32.08955383300781,32.35293960571289,32.94117736816406,7093000.0,24.563875198364258
2008-10-09,33.801578521728516,30.553115844726562,33.36259841918945,30.553115844726562,7629500.0,22.783119201660156
2008-10-10,31.03599739074707,28.261632919311523,30.31606674194336,29.420543670654297,13436700.0,21.938573837280273
2008-10-13,31.000877380371094,29.429323196411133,30.166812896728516,30.553115844726562,6099600.0,22.783119201660156
2008-10-14,31.861282348632812,30.368743896484375,31.84372329711914,31.12379264831543,6358300.0,23.20867156982422
2008-10-15,30.7901668548584,28.726953506469727,30.76382827758789,28.955223083496094,6134800.0,21.591590881347656
2008-10-16,29.561017990112305,27.067604064941406,28.9727840423584,29.288850784301758,6349600.0,21.840370178222656
2008-10-17,30.280948638916016,28.296751022338867,28.955223083496094,29.648815155029297,7344100.0,22.108793258666992
2008-10-20,31.106233596801758,29.561017990112305,29.964881896972656,31.062335968017578,5631800.0,23.162839889526367
2008-10-21,31.0272159576416,29.762950897216797,31.0272159576416,29.929763793945312,3306100.0,22.31830406188965
2008-10-22,29.789289474487305,28.639156341552734,29.692712783813477,28.955223083496094,5033600.0,21.591590881347656
2008-10-23,29.947322845458984,28.31431007385254,28.54258155822754,29.868305206298828,4828600.0,22.2724609375
2008-10-24,29.517120361328125,28.094820022583008,28.147497177124023,28.64793586730957,3311500.0,21.362451553344727
2008-10-27,28.612817764282227,27.20807647705078,28.17383575439453,27.243196487426758,4827700.0,20.314956665039062
2008-10-28,30.728710174560547,27.26075553894043,27.79631233215332,30.465320587158203,4743800.0,22.7176513671875
2008-10-29,30.948200225830078,29.025461196899414,30.895523071289062,29.218612670898438,3841300.0,21.788002014160156
2008-10-30,30.553115844726562,28.797189712524414,30.087797164916992,28.911325454711914,3599900.0,21.558860778808594
2008-10-31,31.053556442260742,28.533802032470703,29.0956974029541,30.684810638427734,3987400.0,22.88132095336914
2008-11-03,30.948200225830078,29.139596939086914,30.948200225830078,29.2098331451416,3795100.0,21.781452178955078
2008-11-04,31.992977142333984,29.420543670654297,29.59613609313965,31.808603286743164,6169500.0,23.719327926635742
2008-11-05,31.650569915771484,30.298507690429688,31.474977493286133,30.43020248413086,4027300.0,22.691469192504883
2008-11-06,30.825284957885742,29.850746154785156,30.087797164916992,30.131694793701172,4667900.0,22.468868255615234
2008-11-07,31.422300338745117,29.859525680541992,30.28972816467285,31.106233596801758,3271300.0,23.195579528808594
2008-11-10,32.17734909057617,31.0272159576416,31.536436080932617,31.211589813232422,3671400.0,23.274133682250977
2008-11-11,31.150131225585938,30.026338577270508,31.071115493774414,30.71993064880371,4216100.0,22.907514572143555
2008-11-12,30.711149215698242,29.59613609313965,29.72783088684082,29.762950897216797,5037200.0,22.19390106201172
2008-11-13,32.124671936035156,28.999122619628906,29.833187103271484,32.11589050292969,4355700.0,23.94846534729004
2008-11-14,32.58999252319336,30.640913009643555,31.378402709960938,30.834064483642578,3818400.0,22.992624282836914
2008-11-17,31.35206413269043,30.096576690673828,30.368743896484375,30.579456329345703,2939100.0,22.802759170532227
2008-11-18,31.378402709960938,29.850746154785156,30.69359016418457,30.92186164855957,3810900.0,23.05809211730957
2008-11-19,32.1597900390625,29.877084732055664,30.92186164855957,29.947322845458984,4241800.0,22.331390380859375
2008-11-20,30.44776153564453,28.094820022583008,29.648815155029297,28.208955764770508,5345500.0,21.035106658935547
2008-11-21,30.974538803100586,27.805091857910156,28.077260971069336,30.948200225830078,7372900.0,23.077730178833008
2008-11-24,33.09920883178711,30.702369689941406,31.518877029418945,32.89727783203125,6577000.0,24.531137466430664
2008-11-25,33.5118522644043,32.08955383300781,32.949954986572266,32.958736419677734,4940600.0,24.57697105407715
2008-11-26,35.3292350769043,32.00175476074219,33.47673416137695,35.27655792236328,6987000.0,26.305339813232422
2008-11-28,36.23353958129883,34.89903259277344,35.03072738647461,36.04916763305664,2558400.0,26.881465911865234
2008-12-01,35.970149993896484,33.064090728759766,35.961368560791016,33.10799026489258,5530000.0,24.688268661499023
2008-12-02,34.433712005615234,33.046531677246094,33.08164978027344,33.713783264160156,5620500.0,25.140005111694336
2008-12-03,34.00351333618164,32.54609298706055,33.68744659423828,33.8542594909668,8010500.0,25.244747161865234
2008-12-04,34.10886764526367,31.703248977661133,33.582088470458984,32.06321334838867,5209600.0,23.909189224243164
2008-12-05,33.55575180053711,30.92186164855957,31.738367080688477,33.00263214111328,6204900.0,24.60970115661621
2008-12-08,33.98595428466797,33.00263214111328,33.22212600708008,33.898155212402344,6720400.0,25.277482986450195
2008-12-09,34.688323974609375,33.36259841918945,33.827919006347656,34.345916748046875,6022900.0,25.611370086669922
2008-12-10,34.117645263671875,32.835819244384766,33.187007904052734,33.801578521728516,6774600.0,25.449996948242188
2008-12-11,34.26689910888672,32.70412826538086,33.634765625,32.76558303833008,4507300.0,24.669971466064453
2008-12-12,33.65232849121094,32.31782150268555,32.57243347167969,33.599647521972656,4013700.0,25.29795265197754
2008-12-15,33.9683952331543,32.65144729614258,33.9683952331543,32.89727783203125,4552300.0,24.769121170043945
2008-12-16,33.35382080078125,32.02809524536133,32.67778778076172,33.292362213134766,8422200.0,25.06658363342285
2008-12-17,33.30992126464844,32.47585678100586,32.862159729003906,32.70412826538086,6776100.0,24.623699188232422
2008-12-18,33.23090362548828,31.606672286987305,32.68656539916992,32.1685676574707,6799800.0,24.220462799072266
2008-12-19,33.12554931640625,32.08955383300781,32.08955383300781,33.01141357421875,14554500.0,24.855058670043945
2008-12-22,33.485511779785156,32.40562057495117,32.40562057495117,33.1694450378418,5336400.0,24.97404670715332
2008-12-23,34.574188232421875,32.932395935058594,33.634765625,33.178226470947266,4086100.0,24.980655670166016
2008-12-24,34.240562438964844,33.064090728759766,33.84547805786133,33.5118522644043,1178900.0,25.231855392456055
2008-12-26,34.038631439208984,33.274803161621094,33.467952728271484,33.485511779785156,1225300.0,25.212018966674805
2008-12-29,33.64354705810547,33.00263214111328,33.64354705810547,33.43283462524414,2409400.0,25.1723575592041
2008-12-30,34.460052490234375,33.57331085205078,33.98595428466797,34.354698181152344,3256700.0,25.866453170776367
2008-12-31,34.63564682006836,33.608428955078125,34.10886764526367,34.53907012939453,3238600.0,26.005268096923828
2009-01-02,35.54872512817383,34.2054443359375,34.7849006652832,35.47848892211914,4021800.0,26.712574005126953
2009-01-05,35.68920135498047,34.76734161376953,35.092185974121094,35.118526458740234,4875000.0,26.441551208496094
2009-01-06,35.987709045410156,34.7849006652832,35.3292350769043,35.829673767089844,6802900.0,26.976993560791016
2009-01-07,35.59262466430664,34.978050231933594,35.30289840698242,35.2150993347168,6223200.0,26.51426887512207
2009-01-08,35.654083251953125,34.72344207763672,35.206321716308594,35.654083251953125,5588100.0,26.84478759765625
2009-01-09,35.7857780456543,33.801578521728516,35.66286087036133,33.898155212402344,5674800.0,25.522708892822266
2009-01-12,34.231781005859375,33.57331085205078,34.16154479980469,33.8542594909668,5384500.0,25.489652633666992
2009-01-13,34.354698181152344,33.784019470214844,33.863037109375,34.170326232910156,4954000.0,25.727636337280273
2009-01-14,33.942054748535156,33.151885986328125,33.65232849121094,33.30992126464844,5236600.0,25.079811096191406
2009-01-15,34.5566291809082,33.13432693481445,33.151885986328125,34.39859390258789,7756000.0,25.899505615234375
2009-01-16,34.863914489746094,33.88059616088867,34.863914489746094,34.60930633544922,6291700.0,26.05814552307129
2009-01-20,35.092185974121094,33.00263214111328,34.661983489990234,33.046531677246094,9068800.0,24.881502151489258
2009-01-21,33.54697036743164,32.26514434814453,33.064090728759766,32.90605926513672,10268300.0,24.775733947753906
2009-01-22,32.89727783203125,32.00175476074219,32.22124481201172,32.24758529663086,8828000.0,24.279953002929688
2009-01-23,32.80070114135742,31.606672286987305,32.00175476074219,32.56365203857422,7592800.0,24.517929077148438
2009-01-26,33.43283462524414,32.309043884277344,32.35293960571289,33.046531677246094,5492100.0,24.881502151489258
2009-01-27,33.02019500732422,31.703248977661133,32.06321334838867,32.616329193115234,9693300.0,24.557588577270508
2009-01-28,33.801578521728516,32.57243347167969,33.01141357421875,32.88850021362305,7721200.0,24.762510299682617
2009-01-29,33.30113983154297,32.186126708984375,32.56365203857422,32.20368576049805,6063100.0,24.246906280517578
2009-01-30,32.87971878051758,31.82616424560547,32.300262451171875,31.896400451660156,6205100.0,24.01553726196289
2009-02-02,32.519752502441406,31.404741287231445,31.650569915771484,32.1685676574707,6902500.0,24.220462799072266
2009-02-03,35.092185974121094,33.801578521728516,34.152767181396484,34.27568054199219,13145100.0,25.80695915222168
2009-02-04,34.31079864501953,33.22212600708008,34.19666290283203,33.32748031616211,6981700.0,25.09303855895996
2009-02-05,34.07374954223633,32.835819244384766,33.09920883178711,34.029850006103516,7249500.0,25.621862411499023
2009-02-06,34.83757781982422,33.3977165222168,33.810359954833984,34.74100112915039,7116900.0,26.157304763793945
2009-02-09,34.802459716796875,34.26689910888672,34.41615295410156,34.460052490234375,4320300.0,25.945772171020508
2009-02-10,34.460052490234375,32.976295471191406,34.28445816040039,32.99385452270508,6741200.0,24.841842651367188
2009-02-11,33.47673416137695,32.844600677490234,33.12554931640625,33.32748031616211,4223100.0,25.09303855895996
2009-02-12,33.53819274902344,32.35293960571289,32.92361831665039,33.23968505859375,6795600.0,25.026931762695312
2009-02-13,33.35382080078125,32.633888244628906,33.23968505859375,32.633888244628906,5142500.0,24.570812225341797
2009-02-17,32.69534683227539,31.782264709472656,32.69534683227539,32.02809524536133,7450500.0,24.114700317382812
2009-02-18,32.502193450927734,31.650569915771484,31.896400451660156,32.34416198730469,5100800.0,24.352670669555664
2009-02-19,32.70412826538086,31.308164596557617,32.440738677978516,31.316944122314453,6763300.0,23.579252243041992
2009-02-20,31.64179039001465,30.76382827758789,31.589113235473633,31.492536544799805,6854100.0,23.711462020874023
2009-02-23,31.738367080688477,30.026338577270508,31.273046493530273,30.070236206054688,6909900.0,22.640583038330078
2009-02-24,31.16769027709961,29.903423309326172,29.920984268188477,30.992097854614258,6576000.0,23.334671020507812
2009-02-25,31.150131225585938,30.17559242248535,30.711149215698242,30.64969253540039,5513100.0,23.076860427856445
2009-02-26,30.825284957885742,29.850746154785156,30.307287216186523,30.008779525756836,5811700.0,22.594308853149414
2009-02-27,30.465320587158203,29.385425567626953,30.04389762878418,29.982440948486328,8067100.0,22.574474334716797
2009-03-02,30.008779525756836,28.9727840423584,29.455663681030273,28.999122619628906,7431500.0,21.834115982055664
2009-03-03,29.701492309570312,28.691835403442383,29.376646041870117,29.025461196899414,6863900.0,21.85394287109375
2009-03-04,30.245830535888672,28.788410186767578,29.719051361083984,29.850746154785156,7416400.0,22.475318908691406
2009-03-05,29.806848526000977,28.612817764282227,29.806848526000977,28.797189712524414,6459600.0,21.68207359313965
2009-03-06,29.39420509338379,28.121158599853516,28.121158599853516,29.218612670898438,8609900.0,21.999370574951172
2009-03-09,29.631256103515625,28.797189712524414,29.007902145385742,29.14837646484375,6426900.0,21.946491241455078
2009-03-10,30.412643432617188,28.884986877441406,29.41176414489746,30.386302947998047,6643600.0,22.878551483154297
2009-03-11,31.106233596801758,29.868305206298828,30.728710174560547,30.079015731811523,5350500.0,22.89583969116211
2009-03-12,30.948200225830078,29.359086990356445,29.359086990356445,30.834064483642578,5067600.0,23.4705753326416
2009-03-13,31.57155418395996,30.21949005126953,31.57155418395996,31.044776916503906,3726400.0,23.630966186523438
2009-03-16,31.589113235473633,30.623353958129883,31.589113235473633,31.044776916503906,4129900.0,23.630966186523438
2009-03-17,32.26514434814453,30.728710174560547,31.589113235473633,32.1597900390625,5575100.0,24.479703903198242
2009-03-18,32.756805419921875,31.606672286987305,31.764705657958984,32.58121109008789,5978100.0,24.80048370361328
2009-03-19,32.76558303833008,31.966636657714844,32.748023986816406,32.238807678222656,4384600.0,24.53984832763672
2009-03-20,32.79192352294922,31.492536544799805,32.67778778076172,31.87006187438965,6335400.0,24.259166717529297
2009-03-23,32.91483688354492,32.045654296875,32.300262451171875,32.7392463684082,7677500.0,24.920785903930664
2009-03-24,32.48463439941406,31.87006187438965,32.47585678100586,31.98419761657715,5454800.0,24.346052169799805
2009-03-25,31.87006187438965,30.71993064880371,31.431079864501953,31.273046493530273,9479500.0,23.804725646972656
2009-03-26,32.300262451171875,31.202810287475586,31.97541618347168,32.045654296875,7266200.0,24.392824172973633
2009-03-27,31.82616424560547,31.044776916503906,31.273046493530273,31.16769027709961,3866300.0,23.72452735900879
2009-03-30,31.018436431884766,30.526777267456055,30.895523071289062,30.939420700073242,4601300.0,23.55077362060547
2009-03-31,31.211589813232422,30.71993064880371,31.071115493774414,30.869182586669922,5457400.0,23.4973087310791
2009-04-01,31.1413516998291,30.079015731811523,30.210710525512695,30.816505432128906,4707700.0,23.457210540771484
2009-04-02,32.238807678222656,31.088674545288086,31.334503173828125,31.799823760986328,5790200.0,24.20570182800293
2009-04-03,32.22124481201172,31.606672286987305,32.03687286376953,32.194908142089844,3597300.0,24.506439208984375
2009-04-06,32.08955383300781,31.39596176147461,31.957857131958008,31.799823760986328,3852300.0,24.20570182800293
2009-04-07,31.589113235473633,30.930641174316406,31.211589813232422,30.948200225830078,3997400.0,23.55745506286621
2009-04-08,31.387182235717773,30.570676803588867,31.334503173828125,30.956979751586914,3012300.0,23.56414222717285
2009-04-09,31.82616424560547,30.44776153564453,30.51799774169922,31.782264709472656,4660600.0,24.192338943481445
2009-04-13,31.8173828125,31.387182235717773,31.48375701904297,31.650569915771484,3298800.0,24.09208869934082
2009-04-14,31.59789276123047,31.062335968017578,31.55399513244629,31.28182601928711,3450600.0,23.811405181884766
2009-04-15,31.2554874420166,30.886743545532227,31.16769027709961,31.19403076171875,4178800.0,23.744579315185547
2009-04-16,32.186126708984375,31.35206413269043,31.387182235717773,32.06321334838867,3657500.0,24.40620231628418
2009-04-17,32.31782150268555,31.536436080932617,32.31782150268555,31.703248977661133,4173500.0,24.13219451904297
2009-04-20,31.88762092590332,31.071115493774414,31.72958755493164,31.16769027709961,3916600.0,23.72452735900879
2009-04-21,31.940298080444336,31.088674545288086,31.290605545043945,31.64179039001465,4728100.0,24.085412979125977
2009-04-22,31.87006187438965,31.097454071044922,31.75592613220215,31.202810287475586,4012800.0,23.751256942749023
2009-04-23,31.202810287475586,30.386302947998047,31.12379264831543,30.711149215698242,3854100.0,23.377012252807617
2009-04-24,31.633010864257812,30.623353958129883,31.633010864257812,31.03599739074707,6155300.0,23.624284744262695
2009-04-27,30.825284957885742,30.15803337097168,30.28972816467285,30.254610061645508,4925200.0,23.029499053955078
2009-04-28,30.755048751831055,29.920984268188477,30.28972816467285,30.43020248413086,3971100.0,23.16316032409668
2009-04-29,31.378402709960938,30.500438690185547,30.597015380859375,31.097454071044922,3585100.0,23.671070098876953
2009-04-30,31.334503173828125,30.53555679321289,30.544336318969727,30.9043025970459,6125600.0,23.524049758911133
2009-05-01,31.2554874420166,30.324846267700195,30.825284957885742,31.18524932861328,4170500.0,23.737895965576172
2009-05-04,31.448638916015625,30.351184844970703,31.448638916015625,30.60579490661621,7752600.0,23.29682159423828
2009-05-05,32.186126708984375,30.298507690429688,30.37752342224121,31.32572364807129,7984700.0,23.84482765197754
2009-05-06,32.528533935546875,31.41352081298828,31.633010864257812,32.326602935791016,5828900.0,24.606679916381836
2009-05-07,32.67778778076172,31.720808029174805,32.238807678222656,31.949077606201172,5598700.0,24.31930923461914
2009-05-08,32.57243347167969,31.720808029174805,32.22124481201172,32.34416198730469,4775000.0,24.62004852294922
2009-05-11,32.53731155395508,31.41352081298828,31.703248977661133,32.326602935791016,3755300.0,24.606679916381836
2009-05-12,32.59877014160156,31.97541618347168,32.34416198730469,32.49341583251953,3923100.0,24.73365592956543
2009-05-13,32.3968391418457,31.71202850341797,32.22124481201172,31.87006187438965,3543800.0,24.259166717529297
2009-05-14,32.27392578125,31.61545181274414,32.11589050292969,31.75592613220215,4671400.0,24.172286987304688
2009-05-15,32.00175476074219,31.3696231842041,31.791044235229492,31.422300338745117,4418800.0,23.9183349609375
2009-05-18,31.957857131958008,31.29938507080078,31.606672286987305,31.922739028930664,3170000.0,24.299264907836914
2009-05-19,31.966636657714844,31.290605545043945,31.87006187438965,31.360843658447266,4365300.0,23.87155532836914
2009-05-20,31.474977493286133,30.992097854614258,31.34328269958496,31.018436431884766,5405300.0,23.610919952392578
2009-05-21,31.211589813232422,30.298507690429688,30.456541061401367,31.211589813232422,5894300.0,23.75794219970703
2009-05-22,31.84372329711914,30.939420700073242,31.176469802856445,31.580333709716797,3798700.0,24.03862762451172
2009-05-26,32.519752502441406,31.062335968017578,31.150131225585938,32.46707534790039,5655700.0,24.713607788085938
2009-05-27,32.90605926513672,32.238807678222656,32.56365203857422,32.554874420166016,4965100.0,24.78044319152832
2009-05-28,33.43283462524414,32.46707534790039,32.7392463684082,33.36259841918945,5911500.0,25.3952693939209
2009-05-29,33.5118522644043,32.92361831665039,33.25724411010742,33.37137985229492,4052300.0,25.401958465576172
2009-06-01,34.31079864501953,33.41527557373047,33.43283462524414,34.08252716064453,3465200.0,25.943273544311523
2009-06-02,34.08252716064453,33.67866516113281,33.898155212402344,33.87181854248047,3286800.0,25.78288459777832
2009-06-03,33.801578521728516,32.958736419677734,33.801578521728516,33.35382080078125,3512400.0,25.38858413696289
2009-06-04,33.66110610961914,33.064090728759766,33.44161605834961,33.47673416137695,2567000.0,25.482152938842773
2009-06-05,34.18788528442383,33.634765625,33.64354705810547,33.84547805786133,3438400.0,25.762836456298828
2009-06-08,33.84547805786133,33.187007904052734,33.67866516113281,33.608428955078125,2080400.0,25.582395553588867
2009-06-09,33.88059616088867,33.45039367675781,33.8542594909668,33.6259880065918,2009100.0,25.595760345458984
2009-06-10,33.59086990356445,32.528533935546875,33.582088470458984,32.82704162597656,4593200.0,25.235267639160156
2009-06-11,33.33626174926758,32.78314208984375,32.870941162109375,32.844600677490234,3387300.0,25.248760223388672
2009-06-12,32.90605926513672,32.13344955444336,32.72168731689453,32.7392463684082,2699700.0,25.16777992248535
2009-06-15,32.633888244628906,31.791044235229492,32.3968391418457,32.045654296875,4238100.0,24.634586334228516
2009-06-16,32.26514434814453,31.808603286743164,32.212467193603516,31.808603286743164,4378500.0,24.452360153198242
2009-06-17,32.045654296875,31.64179039001465,31.68568992614746,31.77348518371582,4852200.0,24.42535972595215
2009-06-18,31.720808029174805,30.913082122802734,31.12379264831543,31.071115493774414,6942700.0,23.885425567626953
2009-06-19,31.45741844177246,30.53555679321289,30.895523071289062,31.32572364807129,7955400.0,24.081151962280273
2009-06-22,31.19403076171875,30.74626922607422,31.053556442260742,30.886743545532227,3767300.0,23.743694305419922
2009-06-23,31.03599739074707,30.597015380859375,30.913082122802734,30.7901668548584,2979700.0,23.66945457458496
2009-06-24,31.202810287475586,30.772607803344727,30.974538803100586,31.106233596801758,3509600.0,23.912424087524414
2009-06-25,30.640913009643555,30.140474319458008,30.614574432373047,30.386302947998047,6282700.0,23.358993530273438
2009-06-26,30.526777267456055,30.17559242248535,30.307287216186523,30.456541061401367,4683300.0,23.412981033325195
2009-06-29,31.03599739074707,30.40386390686035,30.509218215942383,30.983318328857422,2810300.0,23.81793212890625
2009-06-30,31.23792839050293,30.781387329101562,30.983318328857422,31.115013122558594,4494400.0,23.91916847229004
2009-07-01,31.220369338989258,30.7901668548584,31.115013122558594,31.03599739074707,3844800.0,23.85843276977539
2009-07-02,30.939420700073242,29.93854331970215,30.755048751831055,30.008779525756836,4555000.0,23.06877326965332
2009-07-06,30.1141357421875,29.719051361083984,29.912202835083008,30.087797164916992,4205100.0,23.1295166015625
2009-07-07,30.1141357421875,29.244951248168945,30.008779525756836,29.262510299682617,4587000.0,22.49509048461914
2009-07-08,29.93854331970215,29.201053619384766,29.894643783569336,29.806848526000977,5508200.0,22.913545608520508
2009-07-09,29.903423309326172,29.490781784057617,29.903423309326172,29.561017990112305,4020200.0,22.724565505981445
2009-07-10,29.745389938354492,29.41176414489746,29.55223846435547,29.613697052001953,2852700.0,22.76506233215332
2009-07-13,30.04389762878418,29.25373077392578,29.48200225830078,29.947322845458984,3590400.0,23.02153205871582
2009-07-14,30.237049102783203,29.52589988708496,29.62247657775879,30.237049102783203,3116700.0,23.244251251220703
2009-07-15,31.106233596801758,30.193151473999023,30.35996437072754,30.825284957885742,4053500.0,23.696449279785156
2009-07-16,31.229148864746094,30.570676803588867,30.80772590637207,31.150131225585938,3252800.0,23.946170806884766
2009-07-17,31.264266967773438,30.71993064880371,31.2554874420166,31.000877380371094,3809900.0,23.831432342529297
2009-07-20,31.273046493530273,30.816505432128906,30.816505432128906,31.23792839050293,3476100.0,24.013660430908203
2009-07-21,31.41352081298828,31.0272159576416,31.404741287231445,31.360843658447266,4139900.0,24.10814666748047
2009-07-22,31.334503173828125,30.948200225830078,31.23792839050293,31.07989501953125,3759800.0,23.892179489135742
2009-07-23,31.808603286743164,30.60579490661621,30.60579490661621,31.606672286987305,4120900.0,24.29712677001953
2009-07-24,32.46707534790039,31.492536544799805,31.606672286987305,32.423179626464844,4243600.0,24.924806594848633
2009-07-27,32.502193450927734,32.1597900390625,32.47585678100586,32.44951629638672,3380500.0,24.945051193237305
2009-07-28,32.756805419921875,32.29148483276367,32.3968391418457,32.69534683227539,3313200.0,25.134021759033203
2009-07-29,33.2835807800293,32.37049865722656,32.48463439941406,33.204566955566406,5269900.0,25.52548599243164
2009-07-30,32.92361831665039,31.957857131958008,32.72168731689453,32.212467193603516,8230500.0,24.76282501220703
2009-07-31,33.03775405883789,32.26514434814453,32.35293960571289,32.70412826538086,5931400.0,25.140779495239258
2009-08-03,33.41527557373047,32.58121109008789,32.642669677734375,33.41527557373047,5648300.0,25.687463760375977
2009-08-04,33.54697036743164,33.00263214111328,33.12554931640625,33.30113983154297,4583700.0,25.59972381591797
2009-08-05,33.32748031616211,32.71290588378906,33.292362213134766,33.11676788330078,3883800.0,25.457990646362305
2009-08-06,33.11676788330078,32.57243347167969,33.072872161865234,32.67778778076172,4033000.0,25.120534896850586
2009-08-07,33.88059616088867,33.090431213378906,33.160667419433594,33.68744659423828,6056800.0,25.896686553955078
2009-08-10,33.68744659423828,33.151885986328125,33.43283462524414,33.41527557373047,2418800.0,25.687463760375977
2009-08-11,33.33626174926758,32.96751403808594,33.151885986328125,33.23090362548828,3077300.0,25.545724868774414
2009-08-12,33.810359954833984,32.502193450927734,33.19578552246094,33.53819274902344,4563200.0,25.781949996948242
2009-08-13,34.06496810913086,33.36259841918945,33.79280090332031,34.012290954589844,4455300.0,26.146411895751953
2009-08-14,34.012290954589844,33.3977165222168,33.924495697021484,33.784019470214844,5208400.0,25.970924377441406
2009-08-17,33.59086990356445,33.01141357421875,33.520633697509766,33.02897262573242,4075100.0,25.39049530029297
2009-08-18,33.292362213134766,32.85337829589844,33.072872161865234,33.01141357421875,5089700.0,25.376995086669922
2009-08-19,33.22212600708008,32.66900634765625,32.80948257446289,33.072872161865234,4345600.0,25.424243927001953
2009-08-20,33.37137985229492,32.80948257446289,33.00263214111328,33.35382080078125,4559800.0,25.640214920043945
2009-08-21,34.33713912963867,33.187007904052734,33.81914138793945,34.30202102661133,4781700.0,26.369131088256836
2009-08-24,34.460052490234375,34.126426696777344,34.27568054199219,34.433712005615234,3598500.0,26.470367431640625
2009-08-25,34.679542541503906,34.170326232910156,34.24934005737305,34.231781005859375,3675600.0,26.315135955810547
2009-08-26,34.6707649230957,33.76646041870117,34.6707649230957,33.90693664550781,4181200.0,26.065420150756836
2009-08-27,34.00351333618164,33.494293212890625,33.801578521728516,33.898155212402344,3232800.0,26.058670043945312
2009-08-28,34.13520812988281,33.503074645996094,33.95961380004883,33.8542594909668,2283100.0,26.024919509887695
2009-08-31,33.924495697021484,33.485511779785156,33.76646041870117,33.66988754272461,2979100.0,25.883193969726562
2009-09-01,34.056190490722656,33.00263214111328,33.66110610961914,33.1694450378418,5739400.0,25.49848747253418
2009-09-02,33.19578552246094,32.80948257446289,33.09920883178711,33.072872161865234,4503400.0,25.424243927001953
2009-09-03,33.23968505859375,32.72168731689453,32.80948257446289,33.19578552246094,2903000.0,25.51873779296875
2009-09-04,34.09130859375,33.046531677246094,33.25724411010742,33.863037109375,4068200.0,26.031673431396484
2009-09-08,34.117645263671875,33.59086990356445,33.76646041870117,34.02107238769531,3782000.0,26.15315818786621
2009-09-09,33.827919006347656,33.520633697509766,33.66988754272461,33.7489013671875,3686900.0,26.198047637939453
2009-09-10,33.8542594909668,33.35382080078125,33.67866516113281,33.634765625,3708900.0,26.109447479248047
2009-09-11,33.77524185180664,33.380157470703125,33.59086990356445,33.713783264160156,3213300.0,26.17078971862793
2009-09-14,33.76646041870117,33.467952728271484,33.52941131591797,33.70500564575195,2998000.0,26.16397476196289
2009-09-15,34.07374954223633,33.485511779785156,33.59086990356445,33.95083236694336,3467000.0,26.354801177978516
2009-09-16,34.59174728393555,33.66988754272461,34.231781005859375,34.53907012939453,4834000.0,26.81142807006836
2009-09-17,34.679542541503906,34.345916748046875,34.372257232666016,34.486392974853516,2786200.0,26.770538330078125
2009-09-18,34.76734161376953,34.28445816040039,34.76734161376953,34.58296585083008,4676600.0,26.845508575439453
2009-09-21,34.62686538696289,34.10886764526367,34.41615295410156,34.40737533569336,2327400.0,26.70920181274414
2009-09-22,35.07462692260742,34.24934005737305,34.486392974853516,34.96049118041992,3327100.0,27.1385555267334
2009-09-23,35.50482940673828,34.73221969604492,34.85513687133789,34.98683166503906,4309400.0,27.159008026123047
2009-09-24,35.004390716552734,33.863037109375,34.978050231933594,34.39859390258789,6338400.0,26.70238494873047
2009-09-25,34.70588302612305,34.16154479980469,34.53028869628906,34.16154479980469,3809300.0,26.518373489379883
2009-09-28,35.10096740722656,34.09130859375,34.170326232910156,35.01316833496094,3040500.0,27.1794490814209
2009-09-29,35.04828643798828,34.41615295410156,34.89903259277344,34.565406799316406,2566800.0,26.831876754760742
2009-09-30,34.69710159301758,34.02107238769531,34.64442443847656,34.50395202636719,3848900.0,26.784170150756836
2009-10-01,34.59174728393555,34.00351333618164,34.38981628417969,34.19666290283203,4485700.0,26.545637130737305
2009-10-02,34.547847747802734,33.84547805786133,34.143985748291016,34.056190490722656,5084300.0,26.43659019470215
2009-10-05,34.152767181396484,33.810359954833984,33.827919006347656,34.04740905761719,3118300.0,26.429773330688477
2009-10-06,34.27568054199219,33.810359954833984,33.9683952331543,34.056190490722656,4226300.0,26.43659019470215
2009-10-07,34.33713912963867,33.99473190307617,34.170326232910156,34.258121490478516,2126200.0,26.593341827392578
2009-10-08,35.07462692260742,34.53028869628906,34.63564682006836,34.87269592285156,3595300.0,27.070405960083008
2009-10-09,35.30289840698242,34.688323974609375,34.84635543823242,35.26778030395508,3093900.0,27.37709617614746
2009-10-12,35.39069366455078,34.76734161376953,35.16242218017578,35.15364456176758,2223400.0,27.288497924804688
2009-10-13,35.12730407714844,34.776119232177734,35.12730407714844,35.03072738647461,2448500.0,27.193078994750977
2009-10-14,35.89113235473633,35.06584548950195,35.06584548950195,35.82089614868164,4590600.0,27.806455612182617
2009-10-15,35.882354736328125,35.3292350769043,35.531166076660156,35.86479187011719,4539800.0,27.840530395507812
2009-10-16,35.856014251708984,35.17998123168945,35.59262466430664,35.66286087036133,4287500.0,27.683792114257812
2009-10-19,36.101844787597656,35.57506561279297,35.81211471557617,35.829673767089844,3816400.0,27.813274383544922
2009-10-20,35.768218994140625,35.10096740722656,35.70676040649414,35.28533935546875,3263600.0,27.39073371887207
2009-10-21,35.91747283935547,35.27655792236328,35.320457458496094,35.38191223144531,3296700.0,27.465700149536133
2009-10-22,36.11940383911133,35.206321716308594,35.38191223144531,35.99648666381836,3323100.0,27.94277000427246
2009-10-23,36.09306335449219,35.28533935546875,35.856014251708984,35.4433708190918,2853900.0,27.513397216796875
2009-10-26,36.198421478271484,35.24143981933594,35.34679412841797,35.4433708190918,3156000.0,27.513397216796875
2009-10-27,35.90869140625,35.23265838623047,35.52238845825195,35.320457458496094,3194000.0,27.41799545288086
2009-10-28,35.4433708190918,35.10096740722656,35.338016510009766,35.12730407714844,4340800.0,27.26805305480957
2009-10-29,35.513607025146484,35.10096740722656,35.28533935546875,35.338016510009766,3713700.0,27.431625366210938
2009-10-30,35.6716423034668,34.94293212890625,35.452152252197266,34.94293212890625,6137900.0,27.124927520751953
2009-11-02,35.69797897338867,34.85513687133789,35.07462692260742,35.50482940673828,4942500.0,27.561105728149414
2009-11-03,35.69797897338867,35.118526458740234,35.40825271606445,35.68920135498047,5288100.0,27.704235076904297
2009-11-04,36.23353958129883,35.46092987060547,35.99648666381836,35.82089614868164,3864800.0,27.806455612182617
2009-11-05,37.08516311645508,35.943809509277344,36.075504302978516,37.08516311645508,3813800.0,28.78787612915039
2009-11-06,37.155399322509766,36.45302963256836,36.611061096191406,37.155399322509766,3250300.0,28.84238624572754
2009-11-09,37.70851516723633,37.07638168334961,37.14662170410156,37.70851516723633,3690100.0,29.271764755249023
2009-11-10,37.96312713623047,37.383670806884766,37.41000747680664,37.86655044555664,3295600.0,29.39443588256836
2009-11-11,38.31431198120117,37.761192321777344,37.954345703125,38.094818115234375,3412100.0,29.571622848510742
2009-11-12,38.437225341796875,37.92800521850586,38.094818115234375,38.033363342285156,4326100.0,29.523921966552734
2009-11-13,38.235294342041016,37.919227600097656,38.0684814453125,38.20017623901367,3645500.0,29.65340805053711
2009-11-16,38.63037872314453,38.1826171875,38.22651290893555,38.577701568603516,4049700.0,29.94647216796875
2009-11-17,38.67427444458008,38.34064865112305,38.67427444458008,38.639156341552734,2923100.0,29.99418067932129
2009-11-18,38.639156341552734,38.235294342041016,38.48990249633789,38.463565826416016,3945600.0,29.857868194580078
2009-11-19,38.36698913574219,37.68217849731445,38.208953857421875,38.13871765136719,4199100.0,29.605710983276367
2009-11-20,38.31431198120117,37.84899139404297,37.84899139404297,38.147499084472656,2721700.0,29.612524032592773
2009-11-23,38.955223083496094,38.34064865112305,38.36698913574219,38.841087341308594,3476400.0,30.15092658996582
2009-11-24,38.90254592895508,38.446006774902344,38.726951599121094,38.62159729003906,3124300.0,29.980546951293945
2009-11-25,38.841087341308594,38.45478439331055,38.74451446533203,38.63037872314453,3010000.0,29.98736000061035
2009-11-27,38.525020599365234,37.50658416748047,37.86655044555664,38.217735290527344,2121800.0,29.66704559326172
2009-11-30,38.349430084228516,37.813873291015625,38.331871032714844,38.147499084472656,3589200.0,29.612524032592773
2009-12-01,38.753292083740234,38.331871032714844,38.446006774902344,38.48990249633789,4521900.0,29.878314971923828
2009-12-02,39.069358825683594,38.349430084228516,38.446006774902344,38.45478439331055,5463600.0,29.85105323791504
2009-12-03,38.577701568603516,37.901668548583984,38.27919387817383,37.919227600097656,4594800.0,29.435321807861328
2009-12-04,38.841087341308594,38.08604049682617,38.39332580566406,38.35820770263672,7717100.0,29.776090621948242
2009-12-07,38.69183349609375,38.22651290893555,38.446006774902344,38.525020599365234,3455100.0,29.905576705932617
2009-12-08,38.51624298095703,37.75241470336914,38.28797149658203,37.76997375488281,3748600.0,29.319461822509766
2009-12-09,37.86655044555664,37.251976013183594,37.480247497558594,37.82265090942383,3977900.0,29.627052307128906
2009-12-10,38.235294342041016,37.77875518798828,37.91044616699219,37.92800521850586,2510300.0,29.70958137512207
2009-12-11,38.1913948059082,37.73485565185547,38.05092239379883,37.787532806396484,2715400.0,29.59954071044922
2009-12-14,38.1913948059082,37.72607421875,37.85776901245117,37.8402099609375,2853900.0,29.64080238342285
2009-12-15,37.97190475463867,37.576820373535156,37.761192321777344,37.66461944580078,2520100.0,29.503265380859375
2009-12-16,37.954345703125,37.64706039428711,37.84899139404297,37.65583801269531,3046400.0,29.496381759643555
2009-12-17,37.39244842529297,36.96224594116211,37.19929885864258,37.12028121948242,4678700.0,29.076879501342773
2009-12-18,37.28709411621094,36.848114013671875,37.28709411621094,37.19051742553711,5167400.0,29.13189125061035
2009-12-21,37.673397064208984,37.23441696166992,37.29587173461914,37.55048370361328,2346500.0,29.413856506347656
2009-12-22,37.805091857910156,37.39244842529297,37.62950134277344,37.673397064208984,2012900.0,29.510141372680664
2009-12-23,37.74363327026367,37.43634796142578,37.56804275512695,37.576820373535156,1539300.0,29.43448257446289
2009-12-24,37.8402099609375,37.357330322265625,37.471466064453125,37.761192321777344,700000.0,29.578914642333984
2009-12-28,37.9455680847168,37.690956115722656,37.70851516723633,37.901668548583984,1278400.0,29.688955307006836
2009-12-29,38.13871765136719,37.75241470336914,37.954345703125,37.9455680847168,1565500.0,29.723337173461914
2009-12-30,38.007022857666016,37.690956115722656,37.91044616699219,37.98068618774414,1594100.0,29.7508487701416
2009-12-31,38.217735290527344,37.585601806640625,38.217735290527344,37.59437942504883,1945100.0,29.448238372802734
2010-01-04,38.22651290893555,37.4890251159668,38.22651290893555,37.6031608581543,3930100.0,29.455123901367188
2010-01-05,37.673397064208984,37.19929885864258,37.445125579833984,37.40122985839844,3252400.0,29.296945571899414
2010-01-06,37.65583801269531,36.91835021972656,37.576820373535156,37.31343460083008,3111400.0,29.228174209594727
2010-01-07,37.31343460083008,36.953468322753906,36.98858642578125,37.29587173461914,2513300.0,29.214412689208984
2010-01-08,37.27831268310547,36.909568786621094,37.243194580078125,37.243194580078125,2310400.0,29.17315673828125
2010-01-11,37.41000747680664,36.98858642578125,37.243194580078125,37.41000747680664,2446200.0,29.30381965637207
2010-01-12,37.43634796142578,36.86567306518555,37.19051742553711,37.14662170410156,2571200.0,29.09751319885254
2010-01-13,37.51536560058594,36.927127838134766,37.07638168334961,37.41878890991211,2546000.0,29.310691833496094
2010-01-14,37.559261322021484,37.09394073486328,37.129058837890625,37.31343460083008,2402700.0,29.228174209594727
2010-01-15,37.68217849731445,36.74275588989258,37.50658416748047,37.11149978637695,3384800.0,29.06999397277832
2010-01-19,37.690956115722656,36.87445068359375,37.023704528808594,37.673397064208984,2931700.0,29.510141372680664
2010-01-20,37.4890251159668,36.54960632324219,37.2607536315918,37.17295837402344,4057200.0,29.118133544921875
2010-01-21,37.65583801269531,36.89200973510742,37.269535064697266,37.00614547729492,4356100.0,28.98747444152832
2010-01-22,37.181739807128906,36.084285736083984,37.00614547729492,36.1457405090332,4463500.0,28.31350326538086
2010-01-25,36.4881477355957,36.04916763305664,36.46180725097656,36.23353958129883,2400600.0,28.382274627685547
2010-01-26,36.23353958129883,35.970149993896484,36.06672668457031,36.04916763305664,2786900.0,28.237852096557617
2010-01-27,36.189640045166016,35.759437561035156,35.7857780456543,36.01404571533203,4096900.0,28.210342407226562
2010-01-28,36.15452194213867,35.46092987060547,35.7857780456543,35.71554183959961,4972700.0,27.97652816772461
2010-01-29,36.15452194213867,35.68920135498047,35.70676040649414,35.81211471557617,4173800.0,28.05217170715332
2010-02-01,36.136962890625,35.741878509521484,36.0228271484375,36.057945251464844,3638600.0,28.244728088378906
2010-02-02,36.365234375,35.71554183959961,36.365234375,36.15452194213867,4142900.0,28.32038116455078
2010-02-03,36.01404571533203,35.566287994384766,35.873573303222656,35.82089614868164,3141700.0,28.059040069580078
2010-02-04,35.8999137878418,35.452152252197266,35.61018371582031,35.452152252197266,4410700.0,27.770198822021484
2010-02-05,35.5575065612793,34.87269592285156,35.39947509765625,35.36435317993164,4745500.0,27.701435089111328
2010-02-08,35.61896514892578,35.136085510253906,35.338016510009766,35.46971130371094,3460700.0,27.783958435058594
2010-02-09,36.075504302978516,35.513607025146484,35.856014251708984,35.73310089111328,3357900.0,27.990280151367188
2010-02-10,35.82089614868164,35.38191223144531,35.627742767333984,35.71554183959961,2091700.0,27.97652816772461
2010-02-11,36.09306335449219,35.29411697387695,35.61018371582031,35.90869140625,2630400.0,28.127817153930664
2010-02-12,35.75065994262695,35.37313461303711,35.37313461303711,35.63652420043945,3429800.0,27.91462516784668
2010-02-16,36.303775787353516,35.69797897338867,35.8999137878418,36.2598762512207,2762000.0,28.402902603149414
2010-02-17,36.43547058105469,36.215980529785156,36.303775787353516,36.400352478027344,2425800.0,28.5129451751709
2010-02-18,36.65496063232422,36.09306335449219,36.62862014770508,36.163299560546875,4233800.0,28.327255249023438
2010-02-19,36.65496063232422,35.97892761230469,36.22475814819336,36.4881477355957,4293800.0,28.581722259521484
2010-02-22,36.812992095947266,36.38279342651367,36.496925354003906,36.52326583862305,3410900.0,28.609224319458008
2010-02-23,36.66373825073242,36.01404571533203,36.52326583862305,36.172080993652344,3778500.0,28.334135055541992
2010-02-24,37.08516311645508,36.1457405090332,36.172080993652344,37.08516311645508,4643100.0,29.049373626708984
2010-02-25,36.78665542602539,36.00526809692383,36.7164192199707,36.619842529296875,4149600.0,28.684877395629883
2010-02-26,36.812992095947266,36.286216735839844,36.707637786865234,36.532047271728516,3740200.0,28.616100311279297
2010-03-01,36.87445068359375,36.505706787109375,36.593502044677734,36.848114013671875,3315900.0,28.863677978515625
2010-03-02,36.96224594116211,36.68130111694336,36.795433044433594,36.74275588989258,3260200.0,28.78114891052246
2010-03-03,37.129058837890625,36.78665542602539,36.87445068359375,36.795433044433594,3735600.0,28.822406768798828
2010-03-04,37.041263580322266,36.479366302490234,36.89200973510742,36.619842529296875,5117400.0,28.684877395629883
2010-03-05,37.97190475463867,36.77787399291992,36.87445068359375,37.91044616699219,5564800.0,29.695819854736328
2010-03-08,37.96312713623047,37.62950134277344,37.901668548583984,37.88410949707031,3948700.0,29.675203323364258
2010-03-09,38.70061492919922,37.8402099609375,37.88410949707031,38.34064865112305,5927900.0,30.03281021118164
2010-03-10,38.56013870239258,37.96312713623047,38.08604049682617,38.525020599365234,5221400.0,30.44722557067871
2010-03-11,38.59526062011719,38.24407196044922,38.47234344482422,38.56892013549805,4325400.0,30.481929779052734
2010-03-12,38.577701568603516,38.331871032714844,38.49868392944336,38.463565826416016,3051200.0,30.398656845092773
2010-03-15,38.93766403198242,38.51624298095703,38.78841018676758,38.841087341308594,3343900.0,30.6970272064209
2010-03-16,39.02545928955078,38.58647918701172,39.02545928955078,38.84986877441406,2639800.0,30.703960418701172
2010-03-17,39.429325103759766,38.84986877441406,38.858646392822266,39.23617172241211,3099200.0,31.009267807006836
2010-03-18,39.39420700073242,39.06058120727539,39.13959503173828,39.26251220703125,1961100.0,31.030101776123047
2010-03-19,39.70149230957031,38.71817398071289,39.5346794128418,39.15715408325195,4858200.0,30.946823120117188
2010-03-22,39.411766052246094,38.753292083740234,39.10447692871094,39.35908508300781,4801700.0,31.106422424316406
2010-03-23,39.508338928222656,39.13081741333008,39.49956130981445,39.429325103759766,3250300.0,31.16192054748535
2010-03-24,39.411766052246094,38.884986877441406,39.23617172241211,38.92888641357422,4508300.0,30.766422271728516
2010-03-25,39.03424072265625,38.577701568603516,39.03424072265625,38.61281967163086,4693300.0,30.51661491394043
2010-03-26,39.01668167114258,38.6479377746582,38.6479377746582,38.841087341308594,2178700.0,30.6970272064209
2010-03-29,39.209835052490234,38.78841018676758,38.94644546508789,39.10447692871094,3528200.0,30.905197143554688
2010-03-30,39.24495315551758,38.867427825927734,38.972782135009766,39.14837646484375,2358200.0,30.939882278442383
2010-03-31,39.174713134765625,38.867427825927734,39.069358825683594,39.04301834106445,3141200.0,30.856618881225586
2010-04-01,39.209835052490234,38.542579650878906,39.209835052490234,38.78841018676758,3068300.0,30.655391693115234
2010-04-05,39.23617172241211,38.73573303222656,38.96400451660156,38.972782135009766,3700300.0,30.801097869873047
2010-04-06,39.00790023803711,38.71817398071289,38.94644546508789,38.884986877441406,4426000.0,30.73172378540039
2010-04-07,38.893768310546875,38.437225341796875,38.84986877441406,38.56892013549805,3085000.0,30.481929779052734
2010-04-08,38.6479377746582,38.31431198120117,38.59526062011719,38.525020599365234,2925500.0,30.44722557067871
2010-04-09,38.858646392822266,38.39332580566406,38.639156341552734,38.858646392822266,2444400.0,30.710901260375977
2010-04-12,38.893768310546875,38.656715393066406,38.893768310546875,38.81475067138672,2219100.0,30.676218032836914
2010-04-13,38.884986877441406,38.51624298095703,38.78841018676758,38.58647918701172,3100300.0,30.495792388916016
2010-04-14,38.79719161987305,38.40210723876953,38.50746154785156,38.78841018676758,3641800.0,30.655391693115234
2010-04-15,39.27128982543945,38.71817398071289,38.84986877441406,39.227394104003906,2900400.0,31.002338409423828
2010-04-16,39.402984619140625,38.81475067138672,39.06058120727539,38.884986877441406,5138700.0,30.73172378540039
2010-04-19,39.288848876953125,38.893768310546875,38.893768310546875,39.26251220703125,2975200.0,31.030101776123047
2010-04-20,39.543460845947266,39.288848876953125,39.411766052246094,39.5346794128418,2873300.0,31.245189666748047
2010-04-21,39.56979751586914,39.288848876953125,39.48200225830078,39.56101989746094,2786200.0,31.266006469726562
2010-04-22,39.604915618896484,39.095699310302734,39.37664794921875,39.56979751586914,2598600.0,31.27294158935547
2010-04-23,39.964881896972656,39.3064079284668,39.61369705200195,39.92976379394531,3341800.0,31.557432174682617
2010-04-26,40.15803146362305,39.72783279418945,39.90342330932617,39.79806900024414,2764300.0,31.45334815979004
2010-04-27,39.736610412597656,38.87620544433594,39.49956130981445,38.999122619628906,5438900.0,30.821922302246094
2010-04-28,39.13959503173828,38.59526062011719,39.13081741333008,38.753292083740234,5075200.0,30.62764549255371
2010-04-29,39.1922721862793,38.45478439331055,38.80596923828125,38.972782135009766,5104900.0,30.801097869873047
2010-04-30,39.14837646484375,38.04214096069336,39.14837646484375,38.0772590637207,4806600.0,30.093358993530273
2010-05-03,38.4196662902832,37.98068618774414,38.39332580566406,38.34064865112305,3576600.0,30.30152130126953
2010-05-04,38.235294342041016,37.137840270996094,38.235294342041016,37.62950134277344,4911100.0,29.739477157592773
2010-05-05,38.208953857421875,37.243194580078125,37.62950134277344,37.45390701293945,4094300.0,29.6007080078125
2010-05-06,37.805091857910156,23.23090362548828,37.21685791015625,36.35645294189453,7539900.0,28.733360290527344
2010-05-07,36.99736785888672,35.83845520019531,36.04038619995117,36.4881477355957,8539000.0,28.837446212768555
2010-05-10,37.82265090942383,36.86567306518555,36.86567306518555,37.29587173461914,5912200.0,29.475807189941406
2010-05-11,37.70851516723633,37.10272216796875,37.19929885864258,37.31343460083008,4056500.0,29.489688873291016
2010-05-12,37.787532806396484,37.243194580078125,37.33977127075195,37.76997375488281,3576000.0,29.850496292114258
2010-05-13,37.65583801269531,37.22563552856445,37.6119384765625,37.269535064697266,4465400.0,29.45499610900879
2010-05-14,37.12028121948242,36.479366302490234,37.09394073486328,36.69886016845703,4500700.0,29.00397300720215
2010-05-17,37.155399322509766,36.43547058105469,36.821773529052734,36.97980499267578,4996400.0,29.226011276245117
2010-05-18,37.29587173461914,36.505706787109375,36.97980499267578,36.63740158081055,3886100.0,28.95539093017578
2010-05-19,36.89200973510742,36.38279342651367,36.42668914794922,36.514488220214844,5140400.0,28.858259201049805
2010-05-20,36.198421478271484,35.338016510009766,36.0316047668457,35.39947509765625,6262200.0,27.9770450592041
2010-05-21,35.71554183959961,34.69710159301758,34.7849006652832,35.66286087036133,5221100.0,28.185197830200195
2010-05-24,35.759437561035156,35.136085510253906,35.50482940673828,35.36435317993164,3507600.0,27.949283599853516
2010-05-25,35.24143981933594,34.47761154174805,34.907814025878906,35.24143981933594,5252000.0,27.852140426635742
2010-05-26,35.768218994140625,34.91659164428711,35.311676025390625,35.03950881958008,4553000.0,27.692548751831055
2010-05-27,36.136962890625,35.539947509765625,35.81211471557617,36.136962890625,3650700.0,28.55989646911621
2010-05-28,36.2510986328125,35.63652420043945,36.057945251464844,35.89113235473633,3804100.0,28.36561393737793
2010-06-01,36.23353958129883,35.434593200683594,35.77699661254883,35.54872512817383,3194000.0,28.094999313354492
2010-06-02,36.42668914794922,35.23265838623047,35.539947509765625,36.40913009643555,3961200.0,28.77499008178711
2010-06-03,36.91835021972656,36.286216735839844,36.479366302490234,36.839332580566406,4182500.0,29.1149845123291
2010-06-04,36.277435302734375,35.39947509765625,36.277435302734375,35.52238845825195,4636500.0,28.074176788330078
2010-06-07,35.61018371582031,35.08340835571289,35.49604797363281,35.12730407714844,4598100.0,27.761932373046875
2010-06-08,36.084285736083984,35.03072738647461,35.08340835571289,36.06672668457031,6818900.0,28.504379272460938
2010-06-09,36.35645294189453,35.57506561279297,35.7945556640625,35.873573303222656,6334400.0,28.621540069580078
2010-06-10,37.050045013427734,35.80333709716797,36.2510986328125,36.89200973510742,5515800.0,29.43410301208496
2010-06-11,36.76909637451172,36.303775787353516,36.417911529541016,36.725196838378906,4216000.0,29.30101203918457
2010-06-14,37.22563552856445,36.63740158081055,36.63740158081055,36.77787399291992,3253200.0,29.343027114868164
2010-06-15,37.45390701293945,36.80421447753906,37.12028121948242,37.42756652832031,3701900.0,29.86138916015625
2010-06-16,37.41878890991211,37.03248596191406,37.30465316772461,37.23441696166992,3572700.0,29.707279205322266
2010-06-17,37.383670806884766,36.90079116821289,37.181739807128906,37.23441696166992,4158700.0,29.707279205322266
2010-06-18,37.42756652832031,36.91835021972656,37.30465316772461,37.12028121948242,4119500.0,29.616214752197266
2010-06-21,37.53292465209961,36.479366302490234,37.366111755371094,36.611061096191406,5659400.0,29.209938049316406
2010-06-22,37.01492691040039,36.09306335449219,36.65496063232422,36.11940383911133,4483300.0,28.81768226623535
2010-06-23,36.33011245727539,35.856014251708984,36.04916763305664,36.04916763305664,4271200.0,28.761634826660156
2010-06-24,35.99648666381836,35.41703414916992,35.75065994262695,35.627742767333984,5695600.0,28.42540740966797
2010-06-25,36.06672668457031,35.47848892211914,35.66286087036133,35.873573303222656,6594800.0,28.621540069580078
2010-06-28,36.136962890625,35.829673767089844,36.084285736083984,35.92625045776367,4604800.0,28.66357421875
2010-06-29,35.882354736328125,35.23265838623047,35.54872512817383,35.46092987060547,9470800.0,28.29231834411621
2010-06-30,35.72431945800781,35.206321716308594,35.320457458496094,35.34679412841797,5441600.0,28.201257705688477
2010-07-01,35.338016510009766,34.60930633544922,35.23265838623047,34.863914489746094,8230900.0,27.815994262695312
2010-07-02,35.452152252197266,34.38103485107422,35.092185974121094,34.61808776855469,4416900.0,27.619857788085938
2010-07-06,34.96927261352539,34.31079864501953,34.84635543823242,34.60052490234375,4684400.0,27.605852127075195
2010-07-07,35.37313461303711,34.51272964477539,34.60052490234375,35.30289840698242,4937400.0,28.166236877441406
2010-07-08,35.531166076660156,35.118526458740234,35.531166076660156,35.4433708190918,4870100.0,28.27831268310547
2010-07-09,35.7857780456543,35.37313461303711,35.47848892211914,35.75065994262695,2945900.0,28.523475646972656
2010-07-12,36.189640045166016,35.48727035522461,35.86479187011719,35.97892761230469,2621100.0,28.705595016479492
2010-07-13,36.57594299316406,36.15452194213867,36.172080993652344,36.42668914794922,3554700.0,29.062847137451172
2010-07-14,36.725196838378906,36.33889389038086,36.40913009643555,36.611061096191406,3208200.0,29.209938049316406
2010-07-15,36.78665542602539,36.172080993652344,36.44424819946289,36.62862014770508,3025400.0,29.22395133972168
2010-07-16,36.58472442626953,35.60140609741211,36.58472442626953,35.6716423034668,4492600.0,28.460430145263672
2010-07-19,36.11062240600586,35.69797897338867,35.71554183959961,36.01404571533203,2764000.0,28.733612060546875
2010-07-20,36.400352478027344,35.338016510009766,35.645301818847656,36.3740119934082,3443300.0,29.02081298828125
2010-07-21,36.47058868408203,35.136085510253906,36.47058868408203,35.338016510009766,6490000.0,28.194259643554688
2010-07-22,36.54082489013672,35.63652420043945,35.63652420043945,36.400352478027344,3972300.0,29.041831970214844
2010-07-23,36.86567306518555,36.172080993652344,36.215980529785156,36.77787399291992,4464000.0,29.343027114868164
2010-07-26,36.91835021972656,36.63740158081055,36.74275588989258,36.91835021972656,3340600.0,29.455116271972656
2010-07-27,37.129058837890625,36.74275588989258,36.94468688964844,36.909568786621094,3573300.0,29.44811248779297
2010-07-28,37.27831268310547,36.87445068359375,36.91835021972656,36.96224594116211,3305300.0,29.49013328552246
2010-07-29,36.90079116821289,36.01404571533203,36.505706787109375,36.277435302734375,4843800.0,28.943767547607422
2010-07-30,36.417911529541016,35.93503189086914,35.95259094238281,36.23353958129883,3338500.0,28.908737182617188
2010-08-02,36.87445068359375,36.31255340576172,36.47058868408203,36.8305549621582,2965300.0,29.38506507873535
2010-08-03,36.96224594116211,36.38279342651367,36.76909637451172,36.88323211669922,3783900.0,29.427093505859375
2010-08-04,37.05882263183594,36.54960632324219,36.821773529052734,36.99736785888672,3557500.0,29.51815414428711
2010-08-05,36.91835021972656,36.56716537475586,36.76909637451172,36.812992095947266,2669000.0,29.371051788330078
2010-08-06,36.58472442626953,35.90869140625,36.479366302490234,36.496925354003906,4069100.0,29.11887550354004
2010-08-09,36.795433044433594,36.496925354003906,36.62862014770508,36.67251968383789,1926100.0,29.25898551940918
2010-08-10,36.496925354003906,35.987709045410156,36.303775787353516,36.31255340576172,3243100.0,28.971784591674805
2010-08-11,35.97892761230469,35.37313461303711,35.90869140625,35.46971130371094,3451600.0,28.299325942993164
2010-08-12,35.39069366455078,34.94293212890625,35.206321716308594,35.118526458740234,2776400.0,28.019134521484375
2010-08-13,35.23265838623047,34.87269592285156,35.06584548950195,34.93415451049805,2496000.0,27.87203025817871
2010-08-16,35.26778030395508,34.565406799316406,34.75856018066406,35.17998123168945,2693600.0,28.068159103393555
2010-08-17,35.873573303222656,35.24143981933594,35.35557556152344,35.425811767578125,3633000.0,28.264291763305664
2010-08-18,35.41703414916992,34.96927261352539,35.320457458496094,35.311676025390625,3525600.0,28.17323875427246
2010-08-19,35.24143981933594,34.433712005615234,35.23265838623047,34.63564682006836,3656100.0,27.633869171142578
2010-08-20,34.73221969604492,34.3283576965332,34.51272964477539,34.59174728393555,3127600.0,27.598846435546875
2010-08-23,34.890254974365234,34.26689910888672,34.65320587158203,34.28445816040039,2643200.0,27.35367774963379
2010-08-24,34.40737533569336,33.836700439453125,34.152767181396484,34.07374954223633,3297100.0,27.185564041137695
2010-08-25,34.33713912963867,33.722564697265625,33.863037109375,34.17910385131836,2857700.0,27.269617080688477
2010-08-26,34.39859390258789,33.924495697021484,34.24934005737305,34.02107238769531,2947800.0,27.143531799316406
2010-08-27,34.60052490234375,33.8542594909668,34.31079864501953,34.5566291809082,3227100.0,27.570823669433594
2010-08-30,34.565406799316406,34.09130859375,34.468833923339844,34.09130859375,3135400.0,27.199573516845703
2010-08-31,34.354698181152344,33.801578521728516,34.10886764526367,33.898155212402344,4003600.0,27.045467376708984
2010-09-01,34.881473541259766,34.06496810913086,34.07374954223633,34.565406799316406,3810200.0,27.577836990356445
2010-09-02,34.95171356201172,34.433712005615234,34.62686538696289,34.84635543823242,2925100.0,27.801977157592773
2010-09-03,35.52238845825195,34.98683166503906,35.24143981933594,35.18876266479492,3781200.0,28.075170516967773
2010-09-07,35.12730407714844,34.81123733520508,35.08340835571289,34.83757781982422,2478200.0,27.794986724853516
2010-09-08,35.004390716552734,34.47761154174805,34.63564682006836,34.82001876831055,2599600.0,28.054773330688477
2010-09-09,35.29411697387695,34.94293212890625,35.223880767822266,35.04828643798828,2500500.0,28.238689422607422
2010-09-10,35.338016510009766,34.96927261352539,35.07462692260742,35.206321716308594,1795800.0,28.36602210998535
2010-09-13,35.654083251953125,35.34679412841797,35.5575065612793,35.47848892211914,2515400.0,28.585308074951172
2010-09-14,35.768218994140625,35.38191223144531,35.40825271606445,35.60140609741211,2123300.0,28.684350967407227
2010-09-15,36.215980529785156,35.5575065612793,35.72431945800781,36.172080993652344,3434100.0,29.14413833618164
2010-09-16,36.198421478271484,35.987709045410156,35.99648666381836,36.11062240600586,2229500.0,29.094621658325195
2010-09-17,36.42668914794922,36.136962890625,36.32133483886719,36.286216735839844,5632000.0,29.23610496520996
2010-09-20,36.98858642578125,36.31255340576172,36.43547058105469,36.90079116821289,3174100.0,29.731260299682617
2010-09-21,36.94468688964844,36.31255340576172,36.91835021972656,36.66373825073242,2839000.0,29.540281295776367
2010-09-22,37.164180755615234,36.65496063232422,36.707637786865234,36.795433044433594,2884500.0,29.646379470825195
2010-09-23,36.821773529052734,36.43547058105469,36.619842529296875,36.54082489013672,2203500.0,29.441242218017578
2010-09-24,37.43634796142578,36.496925354003906,36.496925354003906,37.43634796142578,2774100.0,30.162769317626953
2010-09-27,37.3748893737793,36.927127838134766,37.33099365234375,36.96224594116211,2830700.0,29.780786514282227
2010-09-28,37.50658416748047,36.479366302490234,37.19051742553711,37.29587173461914,3630400.0,30.049592971801758
2010-09-29,37.2607536315918,36.87445068359375,37.23441696166992,36.97980499267578,3269600.0,29.794931411743164
2010-09-30,37.43634796142578,36.6022834777832,37.22563552856445,36.90079116821289,5203800.0,29.731260299682617
2010-10-01,37.31343460083008,36.68130111694336,37.05882263183594,36.7164192199707,4019900.0,29.582717895507812
2010-10-04,37.023704528808594,36.44424819946289,36.77787399291992,36.65496063232422,3806700.0,29.533193588256836
2010-10-05,37.17295837402344,36.87445068359375,36.96224594116211,37.01492691040039,4896900.0,29.823232650756836
2010-10-06,37.14662170410156,36.8305549621582,37.023704528808594,36.97102737426758,2881300.0,29.787851333618164
2010-10-07,37.31343460083008,36.99736785888672,37.243194580078125,37.03248596191406,2730400.0,29.83737564086914
2010-10-08,37.129058837890625,36.68130111694336,37.041263580322266,36.96224594116211,2456300.0,29.780786514282227
2010-10-11,37.07638168334961,36.68130111694336,36.94468688964844,36.909568786621094,1417200.0,29.73833656311035
2010-10-12,36.927127838134766,36.43547058105469,36.848114013671875,36.87445068359375,2246300.0,29.71004867553711
2010-10-13,37.480247497558594,36.909568786621094,37.129058837890625,37.27831268310547,2046500.0,30.035436630249023
2010-10-14,37.46268844604492,37.050045013427734,37.269535064697266,37.28709411621094,2093700.0,30.04252052307129
2010-10-15,37.74363327026367,37.20807647705078,37.51536560058594,37.699737548828125,3481600.0,30.374988555908203
2010-10-18,37.75241470336914,37.39244842529297,37.52414321899414,37.7172966003418,2740400.0,30.38912582397461
2010-10-19,37.673397064208984,37.05882263183594,37.51536560058594,37.40122985839844,2988100.0,30.134469985961914
2010-10-20,38.094818115234375,37.40122985839844,37.51536560058594,38.007022857666016,3456400.0,30.622562408447266
2010-10-21,38.323089599609375,37.9455680847168,38.17383575439453,38.25285339355469,3022500.0,30.820634841918945
2010-10-22,38.525020599365234,38.13871765136719,38.36698913574219,38.45478439331055,2329400.0,30.983339309692383
2010-10-25,38.73573303222656,38.463565826416016,38.58647918701172,38.62159729003906,2818200.0,31.117733001708984
2010-10-26,38.84986877441406,38.147499084472656,38.446006774902344,38.79719161987305,4152300.0,31.259214401245117
2010-10-27,39.28007125854492,38.51624298095703,39.00790023803711,39.227394104003906,4087400.0,31.6058292388916
2010-10-28,39.297630310058594,38.753292083740234,39.288848876953125,38.955223083496094,3118400.0,31.386539459228516
2010-10-29,39.227394104003906,38.73573303222656,38.867427825927734,39.06058120727539,2911900.0,31.471433639526367
2010-11-01,39.508338928222656,38.981563568115234,39.113258361816406,39.26251220703125,2668200.0,31.634132385253906
2010-11-02,39.622474670410156,39.23617172241211,39.508338928222656,39.35030746459961,3414100.0,31.70486831665039
2010-11-03,39.736610412597656,39.201053619384766,39.32396697998047,39.631256103515625,4404000.0,31.931222915649414
2010-11-04,40.175594329833984,39.824405670166016,39.90342330932617,40.175594329833984,3253700.0,32.36980056762695
2010-11-05,40.263389587402344,39.97365951538086,40.09657669067383,40.24583053588867,3452700.0,32.42639923095703
2010-11-08,40.21071243286133,39.64003372192383,39.99121856689453,39.920982360839844,2427800.0,32.16464614868164
2010-11-09,40.079017639160156,39.64003372192383,39.938541412353516,39.78050994873047,2412800.0,32.051475524902344
2010-11-10,40.13169479370117,39.6575927734375,40.08779525756836,40.13169479370117,2985600.0,32.33443069458008
2010-11-11,40.2370491027832,39.631256103515625,39.938541412353516,40.2370491027832,2846700.0,32.41931915283203
2010-11-12,40.1229133605957,39.67515182495117,40.10535430908203,39.8770866394043,3220800.0,32.12929153442383
2010-11-15,40.38630294799805,39.84196853637695,40.052677154541016,39.86830520629883,3704800.0,32.122222900390625
2010-11-16,39.604915618896484,38.92010498046875,39.517120361328125,39.183494567871094,3656400.0,31.570465087890625
2010-11-17,39.183494567871094,38.90254592895508,39.069358825683594,39.04301834106445,2860300.0,31.457286834716797
2010-11-18,39.89464569091797,39.14837646484375,39.35908508300781,39.745391845703125,2821800.0,32.02318572998047
2010-11-19,39.8770866394043,39.508338928222656,39.72783279418945,39.850746154785156,2613400.0,32.10807418823242
2010-11-22,40.061458587646484,39.47322082519531,39.6488151550293,40.01755905151367,2299100.0,32.24248123168945
2010-11-23,39.68393325805664,39.13081741333008,39.68393325805664,39.508338928222656,2880400.0,31.83219337463379
2010-11-24,40.3424072265625,39.6575927734375,39.6575927734375,40.15803146362305,2607000.0,32.35565948486328
2010-11-26,40.01755905151367,39.58735656738281,39.89464569091797,39.92976379394531,925500.0,32.17173767089844
2010-11-29,39.69271469116211,38.99034118652344,39.604915618896484,39.56101989746094,3282800.0,31.874629974365234
2010-11-30,39.49956130981445,39.01668167114258,39.26251220703125,39.13081741333008,6109500.0,31.52802276611328
2010-12-01,40.55311584472656,39.61369705200195,39.61369705200195,40.482879638671875,5911200.0,32.61737823486328
2010-12-02,41.20280838012695,40.43898010253906,40.54433822631836,40.99209976196289,5643100.0,33.027671813964844
2010-12-03,41.044776916503906,40.73748779296875,40.86040496826172,41.027217864990234,2131600.0,33.055965423583984
2010-12-06,41.03599548339844,40.73748779296875,40.86918258666992,40.904300689697266,2236900.0,32.956932067871094
2010-12-07,41.41352081298828,40.825286865234375,41.25548553466797,40.83406448364258,4054200.0,32.90034866333008
2010-12-08,40.83406448364258,40.5794563293457,40.64091491699219,40.790164947509766,3708300.0,33.157283782958984
2010-12-09,41.03599548339844,40.65847396850586,40.87796401977539,40.85162353515625,2389300.0,33.20724868774414
2010-12-10,41.044776916503906,40.702369689941406,40.95698165893555,40.85162353515625,2673500.0,33.20724868774414
2010-12-13,40.92185974121094,40.54433822631836,40.8077278137207,40.798946380615234,4879400.0,33.16442108154297
2010-12-14,41.220367431640625,40.816505432128906,40.87796401977539,41.115013122558594,3703200.0,33.42135238647461
2010-12-15,41.2379264831543,40.87796401977539,41.106231689453125,40.913082122802734,3373800.0,33.2572021484375
2010-12-16,41.30816650390625,40.798946380615234,40.92185974121094,41.132572174072266,3991700.0,33.43562698364258
2010-12-17,41.273048400878906,40.87796401977539,41.273048400878906,41.141353607177734,4829100.0,33.442745208740234
2010-12-20,41.25548553466797,40.913082122802734,41.21158981323242,41.06233596801758,3001900.0,33.3785400390625
2010-12-21,41.26426696777344,40.98331832885742,41.15013122558594,41.132572174072266,3464300.0,33.43562698364258
2010-12-22,41.273048400878906,41.07989501953125,41.15013122558594,41.18524932861328,2093300.0,33.478431701660156
2010-12-23,41.25548553466797,40.67603302001953,41.2379264831543,40.84284591674805,1639800.0,33.200111389160156
2010-12-27,40.96575927734375,40.474098205566406,40.798946380615234,40.886741638183594,1504600.0,33.23579406738281
2010-12-28,41.106231689453125,40.67603302001953,41.06233596801758,40.85162353515625,1766400.0,33.20724868774414
2010-12-29,41.000877380371094,40.78138732910156,40.96575927734375,40.798946380615234,2167400.0,33.16442108154297
2010-12-30,40.913082122802734,40.51799774169922,40.63213348388672,40.76382827758789,1877900.0,33.13587951660156
2010-12-31,40.75504684448242,40.395084381103516,40.684810638427734,40.63213348388672,1680500.0,33.028839111328125
2011-01-03,41.650569915771484,41.027217864990234,41.044776916503906,41.30816650390625,3674600.0,33.57837677001953
2011-01-04,41.38718032836914,41.07111358642578,41.229148864746094,41.158912658691406,3259800.0,33.45703125
2011-01-05,41.8173828125,41.09745407104492,41.15013122558594,41.8173828125,4345600.0,33.99228286743164
2011-01-06,42.15100860595703,41.65935134887695,41.738365173339844,42.14223098754883,3760500.0,34.256351470947266
2011-01-07,42.31782150268555,41.8086051940918,41.9227409362793,42.238807678222656,3759600.0,34.33485412597656
2011-01-10,42.3880615234375,41.6944694519043,41.8173828125,42.25636672973633,3442300.0,34.349124908447266
2011-01-11,42.730464935302734,42.17734909057617,42.309043884277344,42.44951629638672,3201600.0,34.50614547729492
2011-01-12,43.02897262573242,42.440738677978516,42.72168731689453,43.00263214111328,2614600.0,34.95573806762695
2011-01-13,42.976295471191406,42.300262451171875,42.862159729003906,42.58999252319336,2438400.0,34.62031936645508
2011-01-14,42.96751403808594,42.5109748840332,42.60755157470703,42.80070114135742,1996300.0,34.79160690307617
2011-01-18,43.13432693481445,42.54609298706055,42.554874420166016,42.98507308959961,2887200.0,34.94147491455078
2011-01-19,42.99385452270508,42.66900634765625,42.99385452270508,42.76558303833008,2186300.0,34.76305389404297
2011-01-20,43.22212600708008,42.71290588378906,42.79192352294922,43.09920883178711,3014800.0,35.034244537353516
2011-01-21,43.23968505859375,42.844600677490234,43.19578552246094,43.05531311035156,2481300.0,34.99858093261719
2011-01-24,43.66110610961914,43.03775405883789,43.03775405883789,43.47673416137695,4189000.0,35.34113693237305
2011-01-25,43.634765625,43.05531311035156,43.24846267700195,43.6259880065918,2499100.0,35.462467193603516
2011-01-26,43.634765625,42.519752502441406,43.582088470458984,42.554874420166016,5101600.0,34.59177780151367
2011-01-27,42.818260192871094,41.852500915527344,41.88761901855469,42.72168731689453,3825900.0,34.72737121582031
2011-01-28,43.12554931640625,41.9315185546875,42.835819244384766,42.045654296875,3262600.0,34.17786407470703
2011-01-31,42.26514434814453,41.72958755493164,42.22124481201172,42.0544319152832,3015100.0,34.18498229980469
2011-02-01,43.046531677246094,42.20368576049805,42.20368576049805,42.94117736816406,2395000.0,34.90579605102539
2011-02-02,43.08164978027344,42.54609298706055,42.72168731689453,42.94117736816406,2525200.0,34.90579605102539
2011-02-03,43.10799026489258,42.46707534790039,42.730464935302734,43.090431213378906,1938100.0,35.02711868286133
2011-02-04,43.37137985229492,42.77436447143555,43.08164978027344,43.31869888305664,2252000.0,35.212669372558594
2011-02-07,43.520633697509766,43.090431213378906,43.30992126464844,43.45039367675781,2682200.0,35.31972885131836
2011-02-08,43.520633697509766,43.10799026489258,43.3977165222168,43.47673416137695,1877000.0,35.34113693237305
2011-02-09,43.33626174926758,43.01141357421875,43.23968505859375,43.178226470947266,1813900.0,35.098472595214844
2011-02-10,43.53819274902344,42.70412826538086,43.19578552246094,43.52941131591797,2487600.0,35.383949279785156
2011-02-11,43.67866516113281,43.13432693481445,43.34503936767578,43.66110610961914,2093900.0,35.49100875854492
2011-02-14,43.76646041870117,43.32748031616211,43.57331085205078,43.68744659423828,2052100.0,35.512420654296875
2011-02-15,43.61720657348633,43.2835807800293,43.494293212890625,43.503074645996094,1790000.0,35.362545013427734
2011-02-16,43.66988754272461,43.160667419433594,43.61720657348633,43.45917510986328,2223300.0,35.32685852050781
2011-02-17,43.81914138793945,43.21334457397461,43.388938903808594,43.75768280029297,1587900.0,35.56950759887695
2011-02-18,43.8542594909668,43.47673416137695,43.713783264160156,43.84547805786133,3159300.0,35.6408805847168
2011-02-22,43.67866516113281,42.96751403808594,43.25724411010742,43.11676788330078,2692000.0,35.04851531982422
2011-02-23,43.19578552246094,42.71290588378906,43.08164978027344,42.88850021362305,2887200.0,34.86297607421875
2011-02-24,43.23090362548828,42.57243347167969,43.02897262573242,43.01141357421875,2305200.0,34.96289825439453
2011-02-25,43.66988754272461,43.01141357421875,43.178226470947266,43.55575180053711,1902800.0,35.40536117553711
2011-02-28,43.924495697021484,43.43283462524414,43.66110610961914,43.898155212402344,2990300.0,35.68368148803711
2011-03-01,43.98595428466797,43.19578552246094,43.915714263916016,43.36259841918945,3416000.0,35.24835968017578
2011-03-02,43.898155212402344,43.151885986328125,43.24846267700195,43.7489013671875,2903800.0,35.5623664855957
2011-03-03,44.51272964477539,43.942054748535156,44.012290954589844,44.36347579956055,3121500.0,36.06195068359375
2011-03-04,44.38103485107422,43.88937759399414,44.231781005859375,44.18788528442383,2600400.0,35.91920852661133
2011-03-07,44.49517059326172,43.70500564575195,44.319580078125,43.95961380004883,3811800.0,35.73365020751953
2011-03-08,44.776119232177734,43.79280090332031,44.07374954223633,44.6707649230957,3576200.0,36.31173324584961
2011-03-09,44.7849006652832,43.95961380004883,44.24934005737305,44.69710159301758,3527100.0,36.628318786621094
2011-03-10,44.5566291809082,43.95961380004883,44.2142219543457,44.240562438964844,3588100.0,36.25420379638672
2011-03-11,44.486392974853516,43.784019470214844,44.029850006103516,44.258121490478516,2457300.0,36.26858139038086
2011-03-14,44.117645263671875,43.73134231567383,44.038631439208984,43.98595428466797,2751200.0,36.04555892944336
2011-03-15,43.88937759399414,43.02019500732422,43.072872161865234,43.30992126464844,2975500.0,35.49155807495117
2011-03-16,43.19578552246094,42.25636672973633,42.932395935058594,42.45829772949219,4288200.0,34.793670654296875
2011-03-17,43.13432693481445,42.65144729614258,43.13432693481445,42.818260192871094,2724200.0,35.088661193847656
2011-03-18,43.52941131591797,43.12554931640625,43.25724411010742,43.292362213134766,4708700.0,35.47716522216797
2011-03-21,44.170326232910156,43.47673416137695,43.485511779785156,43.810359954833984,3150900.0,35.90167236328125
2011-03-22,44.126426696777344,43.634765625,43.7401237487793,43.95083236694336,2669300.0,36.01677703857422
2011-03-23,44.056190490722656,43.3977165222168,44.012290954589844,43.98595428466797,2460400.0,36.04555892944336
2011-03-24,44.31079864501953,43.55575180053711,44.10886764526367,44.2142219543457,2212000.0,36.23262023925781
2011-03-25,44.688323974609375,44.2054443359375,44.33713912963867,44.22300338745117,1909300.0,36.239810943603516
2011-03-28,44.52151107788086,44.08252716064453,44.2054443359375,44.2054443359375,1897400.0,36.22541809082031
2011-03-29,44.547847747802734,43.898155212402344,44.126426696777344,44.460052490234375,1744900.0,36.43407440185547
2011-03-30,44.95171356201172,44.36347579956055,44.52151107788086,44.907814025878906,2825500.0,36.800994873046875
2011-03-31,45.2150993347168,44.85513687133789,44.89903259277344,45.04828643798828,2833000.0,36.916107177734375
2011-04-01,45.60140609741211,45.092185974121094,45.10096740722656,45.37313461303711,2650200.0,37.182315826416016
2011-04-04,45.66286087036133,45.28533935546875,45.5575065612793,45.66286087036133,2230200.0,37.41974639892578
2011-04-05,45.829673767089844,45.434593200683594,45.566287994384766,45.46971130371094,1796200.0,37.2614631652832
2011-04-06,46.505706787109375,45.52238845825195,45.768218994140625,46.33011245727539,3441400.0,37.96653747558594
2011-04-07,46.52326583862305,45.99648666381836,46.215980529785156,46.47058868408203,2741300.0,38.08165740966797
2011-04-08,46.532047271728516,45.81211471557617,46.532047271728516,46.04916763305664,1880100.0,37.73630905151367
2011-04-11,46.38279342651367,45.97892761230469,46.26865768432617,46.0228271484375,2200200.0,37.71473693847656
2011-04-12,45.943809509277344,45.539947509765625,45.873573303222656,45.68920135498047,1907800.0,37.44132995605469
2011-04-13,45.847232818603516,45.25899887084961,45.6716423034668,45.70676040649414,2902700.0,37.455718994140625
2011-04-14,45.8999137878418,45.109745025634766,45.531166076660156,45.68920135498047,2203100.0,37.44132995605469
2011-04-15,45.961368560791016,45.36435317993164,45.69797897338867,45.759437561035156,2967400.0,37.498897552490234
2011-04-18,45.54872512817383,45.14486312866211,45.14486312866211,45.40825271606445,2020600.0,37.211097717285156
2011-04-19,45.61018371582031,45.30289840698242,45.5575065612793,45.539947509765625,2683100.0,37.31901168823242
2011-04-20,46.417911529541016,45.89113235473633,45.91747283935547,46.32133483886719,2316400.0,37.959354400634766
2011-04-21,46.532047271728516,46.12818145751953,46.38279342651367,46.532047271728516,1742700.0,38.132022857666016
2011-04-25,46.78665542602539,46.33011245727539,46.35645294189453,46.68130111694336,2050800.0,38.25434112548828
2011-04-26,47.3748893737793,46.75153732299805,46.75153732299805,47.251976013183594,2164100.0,38.72198486328125
2011-04-27,47.699737548828125,47.05882263183594,47.10272216796875,47.65583801269531,1998000.0,39.05294418334961
2011-04-28,47.64706039428711,47.2607536315918,47.56804275512695,47.59437942504883,2278000.0,39.00258255004883
2011-04-29,47.813873291015625,47.480247497558594,47.50658416748047,47.72607421875,4196100.0,39.11050796508789
2011-05-02,48.1913948059082,47.690956115722656,47.892887115478516,48.02458190917969,3121900.0,39.35511779785156
2011-05-03,48.25285339355469,47.43634796142578,47.93678665161133,47.76997375488281,3417000.0,39.1464729309082
2011-05-04,48.1913948059082,47.3748893737793,47.8402099609375,47.68217849731445,4031000.0,39.074527740478516
2011-05-05,47.53292465209961,46.733978271484375,47.53292465209961,47.00614547729492,3872600.0,38.52054214477539
2011-05-06,47.6119384765625,46.848114013671875,47.54170227050781,47.050045013427734,4333600.0,38.5565071105957
2011-05-09,47.51536560058594,46.90079116821289,46.90079116821289,47.33977127075195,3469600.0,38.793941497802734
2011-05-10,47.77875518798828,47.32221221923828,47.357330322265625,47.55048370361328,3437800.0,38.96660614013672
2011-05-11,47.585601806640625,46.85689163208008,47.54170227050781,47.22563552856445,3530900.0,38.700401306152344
2011-05-12,47.9455680847168,47.129058837890625,47.251976013183594,47.919227600097656,3530900.0,39.26879119873047
2011-05-13,48.05092239379883,47.27831268310547,47.82265090942383,47.41878890991211,3351300.0,38.85868453979492
2011-05-16,47.4890251159668,46.90079116821289,47.33099365234375,47.041263580322266,3321200.0,38.549320220947266
2011-05-17,47.21685791015625,46.69886016845703,46.848114013671875,47.129058837890625,2982600.0,38.62126922607422
2011-05-18,47.673397064208984,46.795433044433594,47.09394073486328,47.62071990966797,2451200.0,39.024173736572266
2011-05-19,48.16505813598633,47.55048370361328,47.813873291015625,47.62950134277344,3271200.0,39.0313606262207
2011-05-20,47.787532806396484,47.269535064697266,47.6031608581543,47.559261322021484,2794400.0,38.97380447387695
2011-05-23,47.07638168334961,46.733978271484375,46.909568786621094,46.90079116821289,3189200.0,38.43421173095703
2011-05-24,47.041263580322266,46.619842529296875,46.953468322753906,46.74275588989258,3115200.0,38.3046989440918
2011-05-25,46.94468688964844,46.58472442626953,46.7164192199707,46.821773529052734,3670800.0,38.369449615478516
2011-05-26,47.23441696166992,46.4881477355957,46.733978271484375,47.08516311645508,2809200.0,38.58529281616211
2011-05-27,47.55048370361328,47.05882263183594,47.05882263183594,47.52414321899414,2234800.0,38.94502639770508
2011-05-31,48.39332580566406,47.75241470336914,48.0772590637207,48.38454818725586,4867600.0,39.65010452270508
2011-06-01,48.37576675415039,47.77875518798828,48.1826171875,47.77875518798828,5077400.0,39.15366744995117
2011-06-02,47.91044616699219,47.366111755371094,47.761192321777344,47.64706039428711,3031700.0,39.045745849609375
2011-06-03,47.22563552856445,46.58472442626953,47.137840270996094,46.77787399291992,3668800.0,38.33347702026367
2011-06-06,46.96224594116211,46.46180725097656,46.75153732299805,46.66373825073242,2906700.0,38.23993682861328
2011-06-07,47.00614547729492,46.42668914794922,46.75153732299805,46.52326583862305,3755600.0,38.12483596801758
2011-06-08,46.33889389038086,45.89113235473633,46.2598762512207,46.06672668457031,3460300.0,38.04509735107422
2011-06-09,46.58472442626953,45.90869140625,46.18085861206055,46.286216735839844,2371200.0,38.22636413574219
2011-06-10,46.22475814819336,45.60140609741211,46.1457405090332,45.60140609741211,3984300.0,37.66080093383789
2011-06-13,46.391571044921875,45.452152252197266,45.63652420043945,46.22475814819336,3596000.0,38.17561340332031
2011-06-14,46.66373825073242,46.198421478271484,46.57594299316406,46.2510986328125,3745100.0,38.197357177734375
2011-06-15,46.0228271484375,45.223880767822266,45.829673767089844,45.35557556152344,3544200.0,37.457794189453125
2011-06-16,45.61896514892578,45.08340835571289,45.61896514892578,45.48727035522461,3162600.0,37.566532135009766
2011-06-17,46.215980529785156,45.29411697387695,46.11940383911133,45.36435317993164,4927500.0,37.46502685546875
2011-06-20,46.286216735839844,45.021949768066406,45.338016510009766,46.00526809692383,2821300.0,37.99433898925781
2011-06-21,46.38279342651367,45.72431945800781,46.101844787597656,46.26865768432617,2426800.0,38.21186447143555
2011-06-22,46.417911529541016,45.970149993896484,46.163299560546875,45.97892761230469,2555000.0,37.97259521484375
2011-06-23,45.61896514892578,45.08340835571289,45.513607025146484,45.58384704589844,4830300.0,37.64630889892578
2011-06-24,45.68920135498047,44.89903259277344,45.654083251953125,44.96927261352539,3216100.0,37.13874816894531
2011-06-27,45.52238845825195,44.61808776855469,44.91659164428711,45.320457458496094,2483400.0,37.42878341674805
2011-06-28,45.80333709716797,45.12730407714844,45.37313461303711,45.73310089111328,2724600.0,37.769554138183594
2011-06-29,46.26865768432617,45.566287994384766,45.741878509521484,46.11940383911133,3896500.0,38.08860397338867
2011-06-30,46.34767150878906,46.01404571533203,46.34767150878906,46.2510986328125,2725000.0,38.197357177734375
2011-07-01,47.40122985839844,46.075504302978516,46.1457405090332,47.31343460083008,3382600.0,39.07470703125
2011-07-05,47.41000747680664,46.97980499267578,47.41000747680664,47.12028121948242,2673900.0,38.91520309448242
2011-07-06,47.65583801269531,47.03248596191406,47.137840270996094,47.41000747680664,2379500.0,39.15447235107422
2011-07-07,48.3055305480957,47.699737548828125,47.72607421875,48.3055305480957,3195500.0,39.8940544128418
2011-07-08,48.20017623901367,47.20807647705078,47.805091857910156,47.84899139404297,3130300.0,39.51700973510742
2011-07-11,47.559261322021484,47.12028121948242,47.42756652832031,47.29587173461914,2290400.0,39.060211181640625
2011-07-12,47.585601806640625,46.97102737426758,47.34855270385742,47.243194580078125,2611700.0,39.01670455932617
2011-07-13,47.66461944580078,47.023704528808594,47.43634796142578,47.137840270996094,1987800.0,38.92970275878906
2011-07-14,47.51536560058594,46.68130111694336,47.2607536315918,46.78665542602539,2128300.0,38.63967514038086
2011-07-15,47.050045013427734,46.286216735839844,46.86567306518555,46.62862014770508,3044400.0,38.50914764404297
2011-07-18,46.45302963256836,45.645301818847656,46.303775787353516,45.95259094238281,2230200.0,37.950828552246094
2011-07-19,46.69007873535156,45.99648666381836,46.277435302734375,46.55838394165039,2613800.0,38.45113754272461
2011-07-20,46.52326583862305,45.961368560791016,46.23353958129883,46.06672668457031,2288400.0,38.04509735107422
2011-07-21,47.09394073486328,46.15452194213867,46.23353958129883,46.66373825073242,2702000.0,38.53814697265625
2011-07-22,46.909568786621094,46.45302963256836,46.76031494140625,46.733978271484375,1887700.0,38.596160888671875
2011-07-25,46.66373825073242,46.12818145751953,46.44424819946289,46.496925354003906,2776500.0,38.400390625
2011-07-26,46.90079116821289,46.47058868408203,46.55838394165039,46.69007873535156,3317300.0,38.559898376464844
2011-07-27,46.57594299316406,45.8999137878418,46.57594299316406,45.987709045410156,4268100.0,37.97984313964844
2011-07-28,45.987709045410156,45.17998123168945,45.72431945800781,45.46092987060547,2878900.0,37.54479217529297
2011-07-29,45.654083251953125,44.84635543823242,45.34679412841797,45.206321716308594,3313900.0,37.33451843261719
2011-08-01,45.60140609741211,44.07374954223633,45.4433708190918,44.468833923339844,3906000.0,36.72544860839844
2011-08-02,44.486392974853516,43.5118522644043,44.126426696777344,43.54697036743164,4827800.0,35.964111328125
2011-08-03,43.76646041870117,43.13432693481445,43.56452941894531,43.608428955078125,4262000.0,36.014854431152344
2011-08-04,43.31869888305664,42.03687286376953,43.13432693481445,42.03687286376953,5298700.0,34.71697998046875
2011-08-05,42.98507308959961,41.229148864746094,42.37928009033203,42.49341583251953,8121100.0,35.093997955322266
2011-08-08,42.25636672973633,40.07023620605469,41.59789276123047,40.079017639160156,9775000.0,33.100032806396484
2011-08-09,41.229148864746094,39.5346794128418,41.000877380371094,41.08867263793945,12158100.0,33.933876037597656
2011-08-10,40.63213348388672,39.26251220703125,40.44776153564453,39.34152603149414,10187300.0,32.490962982177734
2011-08-11,41.553993225097656,39.543460845947266,39.66637420654297,41.08867263793945,6959200.0,33.933876037597656
2011-08-12,41.896400451660156,40.87796401977539,41.30816650390625,41.50131607055664,4912100.0,34.274662017822266
2011-08-15,42.045654296875,41.26426696777344,41.57155227661133,42.03687286376953,3713200.0,34.71697998046875
2011-08-16,42.27392578125,41.360843658447266,41.43107986450195,42.11589050292969,4477200.0,34.7822265625
2011-08-17,42.53731155395508,41.668128967285156,42.22124481201172,42.00175476074219,4009000.0,34.68796157836914
2011-08-18,41.21158981323242,40.2370491027832,40.74626922607422,40.75504684448242,7277600.0,33.65834045410156
2011-08-19,41.31694412231445,40.21071243286133,40.27216720581055,40.66725158691406,7058300.0,33.58583068847656
2011-08-22,41.6944694519043,40.87796401977539,41.562774658203125,41.000877380371094,3961200.0,33.86137008666992
2011-08-23,42.414398193359375,39.6575927734375,39.6575927734375,42.37928009033203,3904400.0,34.9997444152832
2011-08-24,42.85337829589844,41.992977142333984,42.212467193603516,42.80948257446289,3915400.0,35.355037689208984
2011-08-25,43.02019500732422,42.02809524536133,43.02019500732422,42.098331451416016,6523600.0,34.76771545410156
2011-08-26,42.862159729003906,41.334503173828125,42.24758529663086,42.7392463684082,5433400.0,35.297027587890625
2011-08-29,43.380157470703125,43.05531311035156,43.11676788330078,43.37137985229492,8787400.0,35.819091796875
2011-08-30,43.98595428466797,43.03775405883789,43.25724411010742,43.76646041870117,3246300.0,36.14537811279297
2011-08-31,44.468833923339844,43.65232849121094,44.056190490722656,43.924495697021484,4335800.0,36.27589416503906
2011-09-01,44.41615295410156,43.52941131591797,44.1000862121582,43.599647521972656,3306100.0,36.00761795043945
2011-09-02,43.10799026489258,42.46707534790039,43.02019500732422,42.58999252319336,3281400.0,35.173770904541016
2011-09-06,42.23002624511719,41.334503173828125,41.57155227661133,42.15100860595703,3844300.0,34.811222076416016
2011-09-07,43.03775405883789,42.13344955444336,42.35293960571289,43.03775405883789,2821100.0,35.84975051879883
2011-09-08,43.23090362548828,42.616329193115234,42.949954986572266,42.76558303833008,3147900.0,35.62302780151367
2011-09-09,42.47585678100586,41.422298431396484,42.309043884277344,41.8086051940918,4583100.0,34.82590103149414
2011-09-12,42.46707534790039,41.26426696777344,41.43107986450195,42.414398193359375,4041300.0,35.330501556396484
2011-09-13,42.76558303833008,42.098331451416016,42.56365203857422,42.66900634765625,3466300.0,35.5425910949707
2011-09-14,43.8542594909668,42.33538055419922,42.99385452270508,43.37137985229492,4184700.0,36.12765121459961
2011-09-15,44.38103485107422,43.34503936767578,43.84547805786133,44.372257232666016,3421100.0,36.96136474609375
2011-09-16,44.95171356201172,44.09130859375,44.6707649230957,44.565406799316406,6264200.0,37.12226104736328
2011-09-19,44.661983489990234,43.810359954833984,43.9771728515625,44.45127487182617,2977100.0,37.027191162109375
2011-09-20,45.12730407714844,44.372257232666016,44.71466064453125,44.53028869628906,2746100.0,37.09299850463867
2011-09-21,44.53028869628906,43.12554931640625,44.51272964477539,43.12554931640625,4247900.0,35.922882080078125
2011-09-22,42.65144729614258,41.115013122558594,42.01931381225586,41.60667419433594,8672200.0,34.657684326171875
2011-09-23,41.63301086425781,40.95698165893555,41.4661979675293,41.229148864746094,5469500.0,34.34321212768555
2011-09-26,41.95785903930664,40.96575927734375,41.5803337097168,41.9227409362793,4694000.0,34.92095947265625
2011-09-27,42.94117736816406,42.07199478149414,42.71290588378906,42.1685676574707,5171200.0,35.12572479248047
2011-09-28,42.54609298706055,41.8173828125,42.27392578125,41.852500915527344,4376900.0,34.862449645996094
2011-09-29,42.77436447143555,41.562774658203125,42.45829772949219,42.24758529663086,4002300.0,35.19155502319336
2011-09-30,41.992977142333984,41.36962127685547,41.782264709472656,41.39596176147461,4349300.0,34.48215866088867
2011-10-03,42.045654296875,40.790164947509766,40.99209976196289,40.798946380615234,6441300.0,33.9848518371582
2011-10-04,41.63301086425781,40.254608154296875,40.3511848449707,41.553993225097656,5494800.0,34.613800048828125
2011-10-05,42.37928009033203,41.044776916503906,41.668128967285156,42.27392578125,4883800.0,35.21349334716797
2011-10-06,42.844600677490234,41.79982376098633,42.25636672973633,42.835819244384766,3061100.0,35.68154525756836
2011-10-07,43.45039367675781,42.642669677734375,43.187007904052734,42.89727783203125,3636400.0,35.732730865478516
2011-10-10,43.898155212402344,43.25724411010742,43.520633697509766,43.87181854248047,3099400.0,36.54450607299805
2011-10-11,44.38103485107422,43.59086990356445,43.76646041870117,44.143985748291016,2861000.0,36.77122116088867
2011-10-12,45.17998123168945,44.372257232666016,44.49517059326172,44.96927261352539,3484000.0,37.458675384521484
2011-10-13,44.83757781982422,44.40737533569336,44.688323974609375,44.679542541503906,3523400.0,37.21733474731445
2011-10-14,45.46092987060547,44.907814025878906,45.2150993347168,45.40825271606445,2463700.0,37.82433319091797
2011-10-17,45.28533935546875,44.6707649230957,45.08340835571289,44.776119232177734,2643300.0,37.297786712646484
2011-10-18,45.59262466430664,44.42493438720703,44.776119232177734,45.40825271606445,4094200.0,37.82433319091797
2011-10-19,45.627742767333984,44.85513687133789,45.27655792236328,44.907814025878906,3651000.0,37.407474517822266
2011-10-20,45.37313461303711,44.460052490234375,45.10096740722656,44.91659164428711,3746200.0,37.4147834777832
2011-10-21,45.89113235473633,45.17120361328125,45.28533935546875,45.873573303222656,3292200.0,38.21193313598633
2011-10-24,46.479366302490234,45.856014251708984,45.873573303222656,46.23353958129883,2442500.0,38.511783599853516
2011-10-25,46.34767150878906,45.59262466430664,46.06672668457031,45.71554183959961,5563100.0,38.08029556274414
2011-10-26,46.198421478271484,43.59086990356445,46.198421478271484,44.61808776855469,6026900.0,37.1661376953125
2011-10-27,46.44424819946289,45.46092987060547,45.61018371582031,46.33011245727539,5498000.0,38.592220306396484
2011-10-28,46.40913009643555,45.873573303222656,46.12818145751953,46.18085861206055,3026400.0,38.4679069519043
2011-10-31,46.62862014770508,45.61018371582031,45.759437561035156,45.943809509277344,5305000.0,38.27044677734375
2011-11-01,45.25899887084961,44.30202102661133,45.223880767822266,44.50395202636719,4792000.0,37.07107925415039
2011-11-02,45.06584548950195,44.31079864501953,44.49517059326172,44.73221969604492,2948800.0,37.26120376586914
2011-11-03,45.987709045410156,44.793678283691406,44.92537307739258,45.7857780456543,3511900.0,38.13881301879883
2011-11-04,45.5575065612793,44.82879638671875,45.46092987060547,45.3292350769043,3053600.0,37.75851058959961
2011-11-07,45.59262466430664,44.82879638671875,45.197540283203125,45.46971130371094,2648400.0,37.87553024291992
2011-11-08,46.43547058105469,45.3292350769043,45.8999137878418,46.400352478027344,3080500.0,38.65073013305664
2011-11-09,45.627742767333984,44.40737533569336,45.627742767333984,44.59174728393555,3315000.0,37.14421081542969
2011-11-10,45.223880767822266,44.547847747802734,45.17120361328125,44.94293212890625,2303100.0,37.436729431152344
2011-11-11,45.86479187011719,45.28533935546875,45.3292350769043,45.7945556640625,1717000.0,38.14612579345703
2011-11-14,45.741878509521484,45.17120361328125,45.61896514892578,45.338016510009766,1717900.0,37.765830993652344
2011-11-15,46.136962890625,45.10096740722656,45.118526458740234,46.04038619995117,2283000.0,38.350894927978516
2011-11-16,45.91747283935547,44.63564682006836,45.566287994384766,44.71466064453125,3194000.0,37.246578216552734
2011-11-17,44.60052490234375,43.608428955078125,44.49517059326172,43.924495697021484,4061500.0,36.58838653564453
2011-11-18,44.18788528442383,43.68744659423828,43.98595428466797,43.801578521728516,2837300.0,36.48600387573242
2011-11-21,43.520633697509766,42.85337829589844,43.520633697509766,43.23968505859375,2973000.0,36.01795959472656
2011-11-22,43.12554931640625,42.616329193115234,43.064090728759766,42.818260192871094,2106900.0,35.66691589355469
2011-11-23,42.53731155395508,41.94029998779297,42.5109748840332,42.01931381225586,2440500.0,35.00140380859375
2011-11-25,42.33538055419922,41.791046142578125,41.83494186401367,42.080772399902344,1783600.0,35.05259704589844
2011-11-28,43.08164978027344,42.57243347167969,42.57243347167969,42.92361831665039,3257500.0,35.75468063354492
2011-11-29,43.090431213378906,42.616329193115234,43.046531677246094,42.80948257446289,2555200.0,35.65959930419922
2011-11-30,44.91659164428711,43.722564697265625,43.88059616088867,44.85513687133789,3748500.0,37.36359786987305
2011-12-01,45.3292350769043,44.73221969604492,44.881473541259766,45.2150993347168,2393000.0,37.66344451904297
2011-12-02,45.75065994262695,44.85513687133789,45.645301818847656,45.03950881958008,2167600.0,37.517173767089844
2011-12-05,46.084285736083984,45.4433708190918,45.882354736328125,45.73310089111328,2898700.0,38.094913482666016
2011-12-06,46.057945251464844,45.72431945800781,45.77699661254883,45.77699661254883,2313400.0,38.131500244140625
2011-12-07,46.0316047668457,44.75856018066406,45.425811767578125,45.80333709716797,3547300.0,38.48551940917969
2011-12-08,45.91747283935547,45.223880767822266,45.60140609741211,45.311676025390625,2989300.0,38.0723991394043
2011-12-09,46.31255340576172,45.5575065612793,45.57506561279297,46.075504302978516,2094500.0,38.714195251464844
2011-12-12,45.847232818603516,45.17120361328125,45.77699661254883,45.452152252197266,2500700.0,38.1904411315918
2011-12-13,46.06672668457031,44.91659164428711,45.66286087036133,45.16242218017578,2687900.0,37.946998596191406
2011-12-14,45.46971130371094,44.75856018066406,45.04828643798828,44.87269592285156,2884700.0,37.70355224609375
2011-12-15,45.34679412841797,44.776119232177734,45.15364456176758,44.92537307739258,2084200.0,37.7478141784668
2011-12-16,45.71554183959961,44.95171356201172,45.18876266479492,45.41703414916992,5249100.0,38.160926818847656
2011-12-19,45.97892761230469,45.03072738647461,45.4433708190918,45.17120361328125,2001700.0,37.95437240600586
2011-12-20,47.20807647705078,45.89113235473633,45.90869140625,47.08516311645508,3346600.0,39.56255340576172
2011-12-21,47.30465316772461,46.365234375,47.19929885864258,47.10272216796875,3042300.0,39.57729721069336
2011-12-22,47.383670806884766,46.953468322753906,47.129058837890625,47.2607536315918,1791400.0,39.710086822509766
2011-12-23,47.7172966003418,47.243194580078125,47.41000747680664,47.699737548828125,1249100.0,40.07893753051758
2011-12-27,47.88410949707031,47.41878890991211,47.6031608581543,47.79631423950195,1380000.0,40.16009521484375
2011-12-28,47.84899139404297,47.050045013427734,47.8314323425293,47.23441696166992,1430400.0,39.68796157836914
2011-12-29,47.84899139404297,47.34855270385742,47.471466064453125,47.7172966003418,1539100.0,40.09370040893555
2011-12-30,47.954345703125,47.39244842529297,47.673397064208984,47.41878890991211,1908900.0,39.842872619628906
2012-01-03,48.27919387817383,47.761192321777344,48.1913948059082,47.813873291015625,2898700.0,40.174835205078125
2012-01-04,47.92800521850586,47.52414321899414,47.8314323425293,47.761192321777344,2141400.0,40.13057327270508
2012-01-05,48.25285339355469,47.63827896118164,47.79631423950195,48.11238098144531,2999100.0,40.425655364990234
2012-01-06,48.28797149658203,47.70851516723633,48.121158599853516,48.1826171875,2486500.0,40.48466873168945
2012-01-09,48.1913948059082,47.72607421875,48.0772590637207,47.99824523925781,2132800.0,40.32974624633789
2012-01-10,48.24407196044922,47.76997375488281,48.103599548339844,47.989463806152344,3083800.0,40.32237243652344
2012-01-11,48.08604049682617,47.761192321777344,47.93678665161133,47.9455680847168,2243400.0,40.28548812866211
2012-01-12,48.28797149658203,47.8314323425293,48.007022857666016,48.25285339355469,2344600.0,40.543678283691406
2012-01-13,48.261634826660156,47.72607421875,47.919227600097656,48.24407196044922,2039000.0,40.53630828857422
2012-01-17,49.03424072265625,48.20017623901367,48.28797149658203,48.867427825927734,2683500.0,41.06006622314453
2012-01-18,49.622474670410156,48.858646392822266,48.972782135009766,49.604915618896484,3069600.0,41.67972946166992
2012-01-19,50.01755905151367,49.47322082519531,49.745391845703125,49.95610046386719,2149600.0,41.97480773925781
2012-01-20,50.13169479370117,49.508338928222656,49.964881896972656,49.859527587890625,2924700.0,41.89366149902344
2012-01-23,50.10535430908203,49.402984619140625,49.97365951538086,49.7629508972168,2606000.0,41.81252670288086
2012-01-24,49.947322845458984,49.21861267089844,49.35030746459961,49.806846618652344,2738300.0,41.849395751953125
2012-01-25,50.035118103027344,49.227394104003906,49.402984619140625,49.97365951538086,3510500.0,41.989566802978516
2012-01-26,49.46444320678711,48.84986877441406,49.21861267089844,49.00790023803711,4397900.0,41.178096771240234
2012-01-27,49.227394104003906,48.551361083984375,48.99034118652344,48.58647918701172,3338500.0,40.82400894165039
2012-01-30,48.35820770263672,47.892887115478516,48.27919387817383,48.20017623901367,4139400.0,40.499427795410156
2012-01-31,48.525020599365234,47.82265090942383,48.349430084228516,48.094818115234375,3566000.0,40.410888671875
2012-02-01,48.70939254760742,48.24407196044922,48.51624298095703,48.24407196044922,3673200.0,40.53630828857422
2012-02-02,48.51624298095703,48.129940032958984,48.36698913574219,48.129940032958984,3284100.0,40.440399169921875
2012-02-03,48.884986877441406,48.49868392944336,48.639156341552734,48.73573303222656,3307700.0,40.94941711425781
2012-02-06,48.577701568603516,48.208953857421875,48.4196662902832,48.40210723876953,2564200.0,40.66908645629883
2012-02-07,48.28797149658203,47.97190475463867,48.24407196044922,48.17383575439453,3391900.0,40.477291107177734
2012-02-08,48.22651290893555,47.84899139404297,48.103599548339844,47.92800521850586,2478900.0,40.27073287963867
2012-02-09,48.20017623901367,47.77875518798828,48.1826171875,47.91044616699219,3005200.0,40.25597381591797
2012-02-10,47.813873291015625,47.33977127075195,47.7172966003418,47.41878890991211,3571200.0,39.842872619628906
2012-02-13,47.98068618774414,47.39244842529297,47.690956115722656,47.6119384765625,2339100.0,40.005165100097656
2012-02-14,47.805091857910156,47.31343460083008,47.6119384765625,47.62950134277344,2378100.0,40.01991653442383
2012-02-15,47.70851516723633,47.129058837890625,47.497806549072266,47.22563552856445,2680000.0,39.68057632446289
2012-02-16,47.56804275512695,47.269535064697266,47.3748893737793,47.269535064697266,2881500.0,39.71746063232422
2012-02-17,47.82265090942383,47.33977127075195,47.40122985839844,47.62950134277344,3323100.0,40.01991653442383
2012-02-21,47.75241470336914,47.11149978637695,47.699737548828125,47.28709411621094,2704800.0,39.73221206665039
2012-02-22,47.62950134277344,47.19929885864258,47.19929885864258,47.243194580078125,2501500.0,39.69533157348633
2012-02-23,47.4890251159668,47.181739807128906,47.181739807128906,47.23441696166992,2112900.0,39.68796157836914
2012-02-24,47.3748893737793,47.07638168334961,47.3748893737793,47.251976013183594,2002800.0,39.702701568603516
2012-02-27,47.73485565185547,46.80421447753906,47.14662170410156,47.50658416748047,2343600.0,39.91663360595703
2012-02-28,47.919227600097656,47.41000747680664,47.7172966003418,47.88410949707031,2263600.0,40.233848571777344
2012-02-29,48.08604049682617,47.62071990966797,47.85776901245117,47.690956115722656,2581200.0,40.07155990600586
2012-03-01,48.331871032714844,47.805091857910156,47.93678665161133,48.17383575439453,2810000.0,40.477291107177734
2012-03-02,48.17383575439453,47.62950134277344,48.17383575439453,47.79631423950195,2047800.0,40.16009521484375
2012-03-05,47.9455680847168,47.55048370361328,47.74363327026367,47.8402099609375,2711500.0,40.196964263916016
2012-03-06,47.875328063964844,47.251976013183594,47.46268844604492,47.30465316772461,2562800.0,39.746978759765625
2012-03-07,47.82265090942383,47.09394073486328,47.2607536315918,47.64706039428711,3278000.0,40.37177658081055
2012-03-08,48.033363342285156,47.63827896118164,47.85776901245117,47.93678665161133,1889400.0,40.61726760864258
2012-03-09,48.35820770263672,47.64706039428711,47.64706039428711,48.24407196044922,2308800.0,40.87763595581055
2012-03-12,48.37576675415039,48.13871765136719,48.208953857421875,48.1826171875,1566600.0,40.82557678222656
2012-03-13,48.49868392944336,47.92800521850586,48.35820770263672,48.349430084228516,3189300.0,40.96690368652344
2012-03-14,48.639156341552734,48.02458190917969,48.24407196044922,48.45478439331055,2405100.0,41.05617904663086
2012-03-15,48.639156341552734,48.13871765136719,48.463565826416016,48.62159729003906,1901700.0,41.197505950927734
2012-03-16,48.726951599121094,48.20017623901367,48.50746154785156,48.37576675415039,4021900.0,40.98923110961914
2012-03-19,48.83230972290039,48.147499084472656,48.2967529296875,48.56892013549805,1975500.0,41.15288543701172
2012-03-20,48.542579650878906,48.1826171875,48.20017623901367,48.35820770263672,2049000.0,40.974342346191406
2012-03-21,48.51624298095703,48.20017623901367,48.25285339355469,48.35820770263672,1498800.0,40.974342346191406
2012-03-22,48.47234344482422,48.13871765136719,48.27919387817383,48.331871032714844,1998800.0,40.9520378112793
2012-03-23,48.542579650878906,48.0684814453125,48.36698913574219,48.27919387817383,1922500.0,40.90739059448242
2012-03-26,48.981563568115234,48.61281967163086,48.665496826171875,48.92888641357422,2343700.0,41.4578857421875
2012-03-27,49.02545928955078,48.68305587768555,48.83230972290039,48.93766403198242,1905800.0,41.465309143066406
2012-03-28,48.94644546508789,48.48990249633789,48.90254592895508,48.69183349609375,1949100.0,41.25703048706055
2012-03-29,48.62159729003906,48.02458190917969,48.47234344482422,48.31431198120117,2164400.0,40.93714904785156
2012-03-30,48.884986877441406,48.437225341796875,48.525020599365234,48.45478439331055,3396000.0,41.05617904663086
2012-04-02,49.33274841308594,48.103599548339844,48.37576675415039,49.113258361816406,3300300.0,41.61410903930664
2012-04-03,49.3064079284668,48.73573303222656,49.3064079284668,49.12203598022461,3532200.0,41.62154769897461
2012-04-04,48.955223083496094,48.56892013549805,48.955223083496094,48.71817398071289,2298100.0,41.279354095458984
2012-04-05,48.858646392822266,48.49868392944336,48.639156341552734,48.81475067138672,1487900.0,41.36117935180664
2012-04-09,48.261634826660156,47.84899139404297,48.103599548339844,47.91044616699219,2214400.0,40.59495162963867
2012-04-10,47.86655044555664,47.21685791015625,47.85776901245117,47.33977127075195,3036200.0,40.111412048339844
2012-04-11,48.007022857666016,47.383670806884766,47.6119384765625,47.954345703125,2826500.0,40.632144927978516
2012-04-12,48.2967529296875,47.8402099609375,47.98068618774414,48.27041244506836,1559800.0,40.899959564208984
2012-04-13,48.235294342041016,47.8402099609375,48.208953857421875,47.8402099609375,1817000.0,40.53544235229492
2012-04-16,48.217735290527344,47.8314323425293,47.96312713623047,48.02458190917969,1868700.0,40.69165802001953
2012-04-17,48.867427825927734,48.1913948059082,48.28797149658203,48.770851135253906,2097400.0,41.3239860534668
2012-04-18,48.47234344482422,47.9455680847168,48.37576675415039,47.96312713623047,2551900.0,40.639591217041016
2012-04-19,48.45478439331055,47.74363327026367,47.892887115478516,47.954345703125,2431000.0,40.632144927978516
2012-04-20,48.45478439331055,48.015804290771484,48.25285339355469,48.3055305480957,2381700.0,40.929718017578125
2012-04-23,48.11238098144531,47.54170227050781,47.91044616699219,47.88410949707031,1913200.0,40.5726432800293
2012-04-24,48.2967529296875,47.919227600097656,48.033363342285156,48.05092239379883,1628900.0,40.713985443115234
2012-04-25,48.63037872314453,48.103599548339844,48.28797149658203,48.56013870239258,2123000.0,41.14544677734375
2012-04-26,48.90254592895508,48.1913948059082,48.463565826416016,48.79719161987305,1858800.0,41.3463020324707
2012-04-27,49.15715408325195,48.73573303222656,48.753292083740234,49.00790023803711,1617300.0,41.52483367919922
2012-04-30,49.069358825683594,48.665496826171875,48.80596923828125,48.83230972290039,2091600.0,41.37604522705078
2012-05-01,49.03424072265625,47.84899139404297,48.542579650878906,48.47234344482422,2979700.0,41.07105255126953
2012-05-02,48.25285339355469,47.84899139404297,48.05970001220703,48.02458190917969,3360500.0,40.69165802001953
2012-05-03,48.1826171875,47.673397064208984,48.1826171875,47.82265090942383,2397700.0,40.52056121826172
2012-05-04,47.497806549072266,46.953468322753906,47.445125579833984,47.023704528808594,2577200.0,39.8436164855957
2012-05-07,47.17295837402344,46.593502044677734,46.927127838134766,47.023704528808594,2129700.0,39.8436164855957
2012-05-08,47.497806549072266,46.68130111694336,46.812992095947266,47.137840270996094,2334600.0,39.9403190612793
2012-05-09,47.067604064941406,46.40913009643555,46.68130111694336,46.77787399291992,2538900.0,39.635318756103516
2012-05-10,47.32221221923828,46.86567306518555,47.155399322509766,47.00614547729492,2006500.0,39.828739166259766
2012-05-11,47.480247497558594,46.80421447753906,46.935909271240234,47.14662170410156,1791700.0,39.947757720947266
2012-05-14,47.19051742553711,46.54082489013672,46.821773529052734,46.88323211669922,2024200.0,39.724586486816406
2012-05-15,47.10272216796875,46.45302963256836,46.88323211669922,46.62862014770508,3022500.0,39.508853912353516
2012-05-16,47.00614547729492,46.67251968383789,46.91835021972656,46.821773529052734,2803400.0,39.672515869140625
2012-05-17,46.88323211669922,46.11062240600586,46.80421447753906,46.11062240600586,3030400.0,39.0699462890625
2012-05-18,46.286216735839844,45.47848892211914,46.26865768432617,45.645301818847656,3923000.0,38.67567825317383
2012-05-21,46.34767150878906,45.38191223144531,45.60140609741211,46.26865768432617,2179500.0,39.203857421875
2012-05-22,46.68130111694336,46.11940383911133,46.286216735839844,46.496925354003906,2009100.0,39.39726257324219
2012-05-23,46.496925354003906,45.93503189086914,46.26865768432617,46.391571044921875,2531500.0,39.308006286621094
2012-05-24,46.848114013671875,46.26865768432617,46.54082489013672,46.66373825073242,3180900.0,39.53860855102539
2012-05-25,46.733978271484375,46.1457405090332,46.532047271728516,46.2510986328125,1828700.0,39.18897247314453
2012-05-29,46.75153732299805,46.084285736083984,46.66373825073242,46.43547058105469,2166300.0,39.34519577026367
2012-05-30,46.42668914794922,45.92625045776367,46.198421478271484,46.101844787597656,1949600.0,39.06251525878906
2012-05-31,46.101844787597656,45.59262466430664,45.99648666381836,45.7857780456543,3156000.0,38.794708251953125
2012-06-01,45.46971130371094,44.679542541503906,45.118526458740234,44.70588302612305,3411400.0,37.879695892333984
2012-06-04,45.30289840698242,44.83757781982422,44.907814025878906,45.25899887084961,2721100.0,38.34835433959961
2012-06-05,45.566287994384766,44.978050231933594,45.092185974121094,45.48727035522461,2338400.0,38.541778564453125
2012-06-06,46.63740158081055,45.425811767578125,45.425811767578125,46.611061096191406,2664100.0,39.83993148803711
2012-06-07,47.137840270996094,46.58472442626953,47.137840270996094,46.66373825073242,3337700.0,39.88494873046875
2012-06-08,47.19051742553711,46.496925354003906,46.532047271728516,47.129058837890625,2153000.0,40.282684326171875
2012-06-11,47.41000747680664,46.64617919921875,47.41000747680664,46.69886016845703,2441400.0,39.91497802734375
2012-06-12,47.17295837402344,46.57594299316406,46.89200973510742,47.14662170410156,2203800.0,40.29768371582031
2012-06-13,47.30465316772461,46.69886016845703,47.07638168334961,46.848114013671875,2061800.0,40.04255294799805
2012-06-14,47.875328063964844,46.927127838134766,47.05882263183594,47.77875518798828,3153000.0,40.83799743652344
2012-06-15,48.37576675415039,47.75241470336914,47.92800521850586,48.323089599609375,3106900.0,41.303260803222656
2012-06-18,48.446006774902344,47.96312713623047,48.094818115234375,48.37576675415039,1810600.0,41.34828567504883
2012-06-19,48.92888641357422,48.437225341796875,48.577701568603516,48.70061492919922,2402700.0,41.62594223022461
2012-06-20,48.779632568359375,48.15627670288086,48.753292083740234,48.56013870239258,2439900.0,41.50587463378906
2012-06-21,48.79719161987305,47.8402099609375,48.7620735168457,47.88410949707031,2586600.0,40.92804718017578
2012-06-22,48.17383575439453,47.8402099609375,48.147499084472656,48.02458190917969,2899000.0,41.04812240600586
2012-06-25,47.787532806396484,47.21685791015625,47.52414321899414,47.33977127075195,2778300.0,40.46278762817383
2012-06-26,47.497806549072266,47.01492691040039,47.30465316772461,47.34855270385742,2095800.0,40.47029495239258
2012-06-27,48.129940032958984,47.53292465209961,47.6119384765625,47.8314323425293,2098600.0,40.88302230834961
2012-06-28,47.66461944580078,47.023704528808594,47.63827896118164,47.56804275512695,2749600.0,40.657894134521484
2012-06-29,48.867427825927734,48.15627670288086,48.323089599609375,48.867427825927734,3163200.0,41.768524169921875
2012-07-02,48.972782135009766,48.56013870239258,48.63037872314453,48.955223083496094,2184800.0,41.84355545043945
2012-07-03,49.16593551635742,48.753292083740234,49.095699310302734,49.16593551635742,1536100.0,42.0236701965332
2012-07-05,49.771728515625,48.770851135253906,48.867427825927734,49.57857894897461,2826400.0,42.37636947631836
2012-07-06,49.45566177368164,48.39332580566406,49.14837646484375,48.665496826171875,2239100.0,41.595924377441406
2012-07-09,48.779632568359375,48.35820770263672,48.73573303222656,48.74451446533203,1580400.0,41.6634635925293
2012-07-10,49.13959503173828,48.437225341796875,49.06058120727539,48.656715393066406,2254100.0,41.588417053222656
2012-07-11,48.87620544433594,48.38454818725586,48.69183349609375,48.68305587768555,2054100.0,41.61092758178711
2012-07-12,48.7620735168457,48.22651290893555,48.50746154785156,48.62159729003906,2410000.0,41.55839920043945
2012-07-13,49.16593551635742,48.525020599365234,48.577701568603516,49.02545928955078,2179100.0,41.90359115600586
2012-07-16,49.174713134765625,48.68305587768555,48.7620735168457,48.884986877441406,1835300.0,41.78352737426758
2012-07-17,49.38542556762695,48.58647918701172,49.209835052490234,49.201053619384766,1867600.0,42.05367660522461
2012-07-18,50.01755905151367,49.069358825683594,49.15715408325195,49.91220474243164,2154000.0,42.66152572631836
2012-07-19,49.99121856689453,49.35030746459961,49.824405670166016,49.604915618896484,2545700.0,42.39887619018555
2012-07-20,49.71027374267578,49.16593551635742,49.6488151550293,49.25373077392578,4483900.0,42.09870910644531
2012-07-23,48.91132736206055,48.17383575439453,48.51624298095703,48.74451446533203,1884400.0,41.6634635925293
2012-07-24,48.884986877441406,48.15627670288086,48.867427825927734,48.50746154785156,1764800.0,41.460845947265625
2012-07-25,48.96400451660156,48.39332580566406,48.80596923828125,48.6479377746582,2252100.0,41.58091354370117
2012-07-26,49.98244094848633,49.15715408325195,49.48200225830078,49.622474670410156,2709700.0,42.413875579833984
2012-07-27,50.67603302001953,49.79806900024414,49.95610046386719,50.570674896240234,2566100.0,43.224334716796875
2012-07-30,50.913082122802734,50.140472412109375,50.29850769042969,50.3424072265625,2246500.0,43.02923583984375
2012-07-31,50.368743896484375,49.631256103515625,50.254608154296875,49.6488151550293,2739600.0,42.43639373779297
2012-08-01,49.81562805175781,48.91132736206055,49.81562805175781,49.03424072265625,3251500.0,41.91109848022461
2012-08-02,49.12203598022461,48.5338020324707,48.893768310546875,48.94644546508789,2404200.0,41.8360481262207
2012-08-03,50.061458587646484,49.525901794433594,49.622474670410156,49.98244094848633,2033300.0,42.721553802490234
2012-08-06,50.193153381347656,49.81562805175781,50.04389953613281,49.859527587890625,1500600.0,42.61650085449219
2012-08-07,50.30728530883789,49.95610046386719,50.149253845214844,50.2370491027832,1610600.0,42.939170837402344
2012-08-08,50.54433822631836,50.15803146362305,50.21949005126953,50.456539154052734,1386900.0,43.12677764892578
2012-08-09,50.44776153564453,50.035118103027344,50.395084381103516,50.175594329833984,1187800.0,42.88664627075195
2012-08-10,50.60579299926758,49.98244094848633,50.04389953613281,50.5794563293457,1714700.0,43.23184585571289
2012-08-13,50.56189727783203,49.95610046386719,50.42142105102539,50.193153381347656,1756200.0,42.90166091918945
2012-08-14,50.72871017456055,50.228271484375,50.51799774169922,50.72871017456055,2211200.0,43.35941696166992
2012-08-15,50.913082122802734,50.52677917480469,50.597015380859375,50.78138732910156,1620400.0,43.40444564819336
2012-08-16,51.457420349121094,50.772605895996094,50.78138732910156,51.29938507080078,1765700.0,43.84718704223633
2012-08-17,51.50131607055664,51.08867263793945,51.50131607055664,51.36962127685547,1821200.0,43.907222747802734
2012-08-20,51.51009750366211,51.132572174072266,51.39596176147461,51.2379264831543,1362600.0,43.79466247558594
2012-08-21,51.41352081298828,50.930641174316406,51.16769027709961,51.07111358642578,1643000.0,43.652076721191406
2012-08-22,51.26426696777344,50.711151123046875,50.930641174316406,50.99209976196289,1594900.0,43.58454513549805
2012-08-23,51.027217864990234,50.570674896240234,50.84284591674805,50.89552307128906,1223900.0,43.50199890136719
2012-08-24,51.3520622253418,50.74626922607422,50.87796401977539,51.29060745239258,1981500.0,43.839691162109375
2012-08-27,51.61545181274414,51.246707916259766,51.360843658447266,51.36962127685547,1202300.0,43.907222747802734
2012-08-28,51.43986129760742,51.027217864990234,51.16769027709961,51.26426696777344,1528300.0,43.81717300415039
2012-08-29,51.360843658447266,50.96575927734375,51.20280838012695,51.25548553466797,960500.0,43.809661865234375
2012-08-30,51.16769027709961,50.816505432128906,51.05355453491211,50.86040496826172,1576200.0,43.47198486328125
2012-08-31,51.31694412231445,50.78138732910156,51.25548553466797,50.99209976196289,2274900.0,43.58454513549805
2012-09-04,51.12379455566406,50.42142105102539,50.798946380615234,51.00965881347656,2025400.0,43.59954833984375
2012-09-05,51.220367431640625,50.825286865234375,51.027217864990234,51.08867263793945,1329400.0,43.667083740234375
2012-09-06,52.15100860595703,51.40473937988281,51.40473937988281,52.11589050292969,2142100.0,44.54507827758789
2012-09-07,52.238807678222656,51.8173828125,52.17734909057617,52.01931381225586,2281000.0,44.462528228759766
2012-09-10,52.22124481201172,51.791046142578125,51.905181884765625,51.83494186401367,1298300.0,44.30495071411133
2012-09-11,51.9315185546875,51.57155227661133,51.7032470703125,51.65935134887695,2114000.0,44.15485763549805
2012-09-12,51.027217864990234,50.3424072265625,50.93941879272461,50.38630294799805,3341000.0,43.398582458496094
2012-09-13,50.99209976196289,50.079017639160156,50.079017639160156,50.72871017456055,3659200.0,43.69350814819336
2012-09-14,51.334503173828125,50.73748779296875,50.74626922607422,51.31694412231445,3247700.0,44.200164794921875
2012-09-17,51.422298431396484,51.08867263793945,51.20280838012695,51.28182601928711,1799100.0,44.169921875
2012-09-18,51.37840270996094,51.08867263793945,51.19403076171875,51.334503173828125,3408200.0,44.21529006958008
2012-09-19,51.553993225097656,51.29938507080078,51.457420349121094,51.31694412231445,2306200.0,44.200164794921875
2012-09-20,51.51009750366211,51.08867263793945,51.16769027709961,51.48375701904297,2433700.0,44.343841552734375
2012-09-21,51.95785903930664,51.474979400634766,51.7032470703125,51.48375701904297,3433400.0,44.343841552734375
2012-09-24,51.84372329711914,51.26426696777344,51.448638916015625,51.676910400390625,1490700.0,44.51021194458008
2012-09-25,51.457420349121094,50.790164947509766,50.798946380615234,51.26426696777344,2955800.0,44.154788970947266
2012-09-26,51.474979400634766,50.89552307128906,51.31694412231445,50.99209976196289,2904600.0,43.920372009277344
2012-09-27,51.51887512207031,50.97454071044922,51.06233596801758,51.29938507080078,1843100.0,44.185035705566406
2012-09-28,51.64179229736328,50.94820022583008,51.25548553466797,51.50131607055664,2136800.0,44.35897445678711
2012-10-01,51.74714660644531,51.229148864746094,51.39596176147461,51.36962127685547,2293600.0,44.245540618896484
2012-10-02,51.5803337097168,51.246707916259766,51.38718032836914,51.3520622253418,2540500.0,44.23040771484375
2012-10-03,51.791046142578125,51.28182601928711,51.57155227661133,51.68568801879883,1536300.0,44.517765045166016
2012-10-04,51.878841400146484,51.54521560668945,51.79982376098633,51.71202850341797,2673900.0,44.54045867919922
2012-10-05,52.642669677734375,52.124671936035156,52.33538055419922,52.26514434814453,2931100.0,45.01686477661133
2012-10-08,52.08955383300781,51.77348709106445,52.080772399902344,51.992977142333984,1190400.0,44.782440185546875
2012-10-09,52.07199478149414,51.273048400878906,51.878841400146484,51.343284606933594,1731100.0,44.22285079956055
2012-10-10,51.474979400634766,51.05355453491211,51.474979400634766,51.09745407104492,1686100.0,44.011112213134766
2012-10-11,51.51887512207031,51.15013122558594,51.457420349121094,51.2379264831543,1993500.0,44.13210678100586
2012-10-12,51.59789276123047,51.16769027709961,51.38718032836914,51.20280838012695,2298300.0,44.10186004638672
2012-10-15,51.782264709472656,51.106231689453125,51.3520622253418,51.72080612182617,2220300.0,44.54801940917969
2012-10-16,52.186126708984375,51.72080612182617,51.79982376098633,52.00175476074219,1413800.0,44.78999710083008
2012-10-17,52.14223098754883,51.54521560668945,51.54521560668945,52.08955383300781,1875700.0,44.865623474121094
2012-10-18,52.124671936035156,51.764705657958984,52.11589050292969,51.896400451660156,2564000.0,44.69926071166992
2012-10-19,52.098331451416016,51.18524932861328,51.966636657714844,51.29060745239258,2677100.0,44.17748260498047
2012-10-22,51.52765655517578,50.790164947509766,51.09745407104492,51.09745407104492,1846000.0,44.011112213134766
2012-10-23,50.86040496826172,50.31606674194336,50.71992874145508,50.64969253540039,1974400.0,43.62544631958008
2012-10-24,51.18524932861328,50.56189727783203,51.09745407104492,50.798946380615234,1877400.0,43.75400161743164
2012-10-25,51.2379264831543,50.84284591674805,51.19403076171875,51.12379455566406,1609600.0,44.03380584716797
2012-10-26,51.246707916259766,50.74626922607422,51.05355453491211,51.08867263793945,1776600.0,44.00354766845703
2012-10-31,51.43107986450195,50.65847396850586,51.220367431640625,50.73748779296875,2351900.0,43.70106887817383
2012-11-01,52.194908142089844,50.74626922607422,51.553993225097656,52.11589050292969,3808400.0,44.8883056640625
2012-11-02,52.45829772949219,50.35996627807617,52.414398193359375,50.368743896484375,3309400.0,43.383460998535156
2012-11-05,50.175594329833984,49.02545928955078,50.166812896728516,49.517120361328125,4423400.0,42.64994812011719
2012-11-06,50.64969253540039,49.57857894897461,49.824405670166016,50.31606674194336,2321500.0,43.338077545166016
2012-11-07,49.964881896972656,49.06058120727539,49.806846618652344,49.48200225830078,2932400.0,42.61969757080078
2012-11-08,49.58735656738281,48.61281967163086,49.25373077392578,48.62159729003906,2240600.0,41.87861251831055
2012-11-09,48.99034118652344,48.1826171875,48.42844772338867,48.551361083984375,2263800.0,41.81812286376953
2012-11-12,48.92888641357422,48.463565826416016,48.525020599365234,48.656715393066406,1720500.0,41.90886688232422
2012-11-13,49.209835052490234,48.31431198120117,48.323089599609375,48.80596923828125,1836500.0,42.037410736083984
2012-11-14,48.94644546508789,47.96312713623047,48.87620544433594,48.08604049682617,2553200.0,41.417327880859375
2012-11-15,48.45478439331055,47.8402099609375,48.13871765136719,47.99824523925781,2960900.0,41.341712951660156
2012-11-16,48.103599548339844,47.42756652832031,47.919227600097656,48.05970001220703,3143000.0,41.3946418762207
2012-11-19,48.68305587768555,48.015804290771484,48.577701568603516,48.48112487792969,2456700.0,41.75762939453125
2012-11-20,48.56013870239258,47.98068618774414,48.47234344482422,48.34064865112305,1799700.0,41.636627197265625
2012-11-21,48.67427444458008,48.261634826660156,48.2967529296875,48.639156341552734,1423900.0,41.893741607666016
2012-11-23,49.288848876953125,48.726951599121094,48.83230972290039,49.27128982543945,866600.0,42.438209533691406
2012-11-26,49.15715408325195,48.665496826171875,49.06058120727539,48.87620544433594,1423700.0,42.0979118347168
2012-11-27,48.981563568115234,48.58647918701172,48.779632568359375,48.62159729003906,1374200.0,41.87861251831055
2012-11-28,49.086917877197266,48.331871032714844,48.45478439331055,49.069358825683594,1651600.0,42.2642822265625
2012-11-29,49.490779876708984,49.04301834106445,49.32396697998047,49.411766052246094,1966800.0,42.559207916259766
2012-11-30,49.920982360839844,49.46444320678711,49.517120361328125,49.81562805175781,2956500.0,42.90705490112305
2012-12-03,50.1229133605957,49.4205436706543,50.04389953613281,49.525901794433594,1679500.0,42.65752029418945
2012-12-04,49.84196853637695,49.402984619140625,49.604915618896484,49.75416946411133,1619400.0,42.85411834716797
2012-12-05,50.41264343261719,49.6575927734375,49.75416946411133,50.254608154296875,1649000.0,43.285160064697266
2012-12-06,50.702369689941406,50.228271484375,50.2370491027832,50.51799774169922,1702400.0,43.51202392578125
2012-12-07,50.83406448364258,49.98244094848633,50.54433822631836,50.31606674194336,1751600.0,43.338077545166016
2012-12-10,50.84284591674805,50.18437194824219,50.2370491027832,50.33362579345703,2162600.0,43.35321044921875
2012-12-11,51.25548553466797,50.40386199951172,50.53555679321289,50.94820022583008,2390400.0,43.88256072998047
2012-12-12,51.141353607177734,50.28972625732422,50.904300689697266,50.395084381103516,1560900.0,43.77995300292969
2012-12-13,50.825286865234375,50.29850769042969,50.43898010253906,50.55311584472656,1976600.0,43.917240142822266
2012-12-14,50.63213348388672,50.3424072265625,50.38630294799805,50.395084381103516,1549700.0,43.77995300292969
2012-12-17,51.027217864990234,50.09657669067383,50.32484817504883,50.87796401977539,2259300.0,44.199440002441406
2012-12-18,51.343284606933594,50.40386199951172,50.95698165893555,51.15013122558594,2735000.0,44.43587875366211
2012-12-19,51.41352081298828,50.87796401977539,51.28182601928711,51.027217864990234,3001000.0,44.3291015625
2012-12-20,51.25548553466797,50.684810638427734,51.141353607177734,51.246707916259766,1975800.0,44.51978302001953
2012-12-21,51.115013122558594,50.24583053588867,50.4653205871582,50.55311584472656,4965100.0,43.917240142822266
2012-12-24,50.62335205078125,50.20193099975586,50.41264343261719,50.4653205871582,934200.0,43.84095764160156
2012-12-26,50.63213348388672,49.92976379394531,50.4653205871582,50.13169479370117,1128000.0,43.55113220214844
2012-12-27,50.21949005126953,49.39420700073242,50.140472412109375,49.947322845458984,2002200.0,43.390960693359375
2012-12-28,50.052677154541016,49.4205436706543,49.55223846435547,49.45566177368164,1728400.0,42.963844299316406
2012-12-31,50.052677154541016,49.15715408325195,49.15715408325195,49.98244094848633,2376800.0,43.42146682739258
2013-01-02,51.40473937988281,50.702369689941406,50.97454071044922,51.26426696777344,3217500.0,44.5350341796875
2013-01-03,51.650569915771484,50.702369689941406,51.457420349121094,51.4661979675293,2564400.0,44.71046447753906
2013-01-04,52.0544319152832,51.41352081298828,51.64179229736328,51.9227409362793,2113300.0,45.107078552246094
2013-01-07,51.878841400146484,51.29938507080078,51.64179229736328,51.72080612182617,1712800.0,44.931640625
2013-01-08,52.080772399902344,51.448638916015625,51.61545181274414,52.01931381225586,1924300.0,45.19096374511719
2013-01-09,52.1685676574707,51.68568801879883,52.15100860595703,51.88761901855469,2210400.0,45.07655715942383
2013-01-10,52.23002624511719,51.77348709106445,52.22124481201172,52.080772399902344,2071300.0,45.24436950683594
2013-01-11,52.67778778076172,51.966636657714844,52.616329193115234,52.1685676574707,1521700.0,45.32062911987305
2013-01-14,52.2827033996582,51.94907760620117,52.1685676574707,52.1597900390625,2016500.0,45.31300354003906
2013-01-15,52.07199478149414,51.72080612182617,52.06321334838867,51.9227409362793,2103600.0,45.107078552246094
2013-01-16,52.11589050292969,51.61545181274414,52.045654296875,51.650569915771484,1891700.0,44.870628356933594
2013-01-17,52.107112884521484,51.72080612182617,51.94029998779297,51.94907760620117,1383900.0,45.12995147705078
2013-01-18,52.440738677978516,51.870059967041016,51.95785903930664,52.43195724487305,2865300.0,45.5494499206543
2013-01-22,52.65144729614258,52.03687286376953,52.37049865722656,52.642669677734375,2477800.0,45.73249816894531
2013-01-23,52.65144729614258,52.1597900390625,52.65144729614258,52.29148483276367,2019100.0,45.427406311035156
2013-01-24,52.65144729614258,52.186126708984375,52.49341583251953,52.423179626464844,2066400.0,45.54182052612305
2013-01-25,52.67778778076172,52.27392578125,52.66022872924805,52.58121109008789,1653800.0,45.679107666015625
2013-01-28,52.67778778076172,52.34416198730469,52.67778778076172,52.36172103881836,1578300.0,45.48843765258789
2013-01-29,52.976295471191406,52.08955383300781,52.25636672973633,52.91483688354492,2663200.0,45.968955993652344
2013-01-30,52.89727783203125,52.098331451416016,52.818260192871094,52.212467193603516,2177700.0,45.35877227783203
2013-01-31,52.47585678100586,52.02809524536133,52.08955383300781,52.0544319152832,2961700.0,45.22147750854492
2013-02-01,53.30992126464844,52.48463439941406,52.57243347167969,53.24846267700195,2861200.0,46.25877380371094
2013-02-04,53.33626174926758,52.22124481201172,53.11676788330078,52.2827033996582,3206800.0,45.41979217529297
2013-02-05,53.77524185180664,52.29148483276367,52.53731155395508,53.75768280029297,3515100.0,46.701148986816406
2013-02-06,53.73134231567383,52.844600677490234,53.52941131591797,53.35382080078125,2229200.0,46.35029983520508
2013-02-07,53.32748031616211,52.528533935546875,53.23090362548828,53.11676788330078,2389500.0,46.144371032714844
2013-02-08,53.55575180053711,53.12554931640625,53.30113983154297,53.494293212890625,2065200.0,46.472328186035156
2013-02-11,53.53819274902344,52.92361831665039,53.37137985229492,52.976295471191406,1556300.0,46.0223388671875
2013-02-12,53.178226470947266,52.67778778076172,52.88850021362305,52.99385452270508,1528900.0,46.037593841552734
2013-02-13,53.37137985229492,52.72168731689453,53.1694450378418,53.072872161865234,2057100.0,46.10624313354492
2013-02-14,53.36259841918945,52.70412826538086,52.89727783203125,53.32748031616211,1941800.0,46.32741165161133
2013-02-15,53.784019470214844,53.33626174926758,53.784019470214844,53.7489013671875,2497500.0,46.69353103637695
2013-02-19,53.98595428466797,53.634765625,53.7489013671875,53.95961380004883,1892900.0,46.87657928466797
2013-02-20,54.22300338745117,53.66988754272461,53.93327331542969,53.7401237487793,2278900.0,46.685890197753906
2013-02-21,53.696224212646484,52.7392463684082,53.696224212646484,52.91483688354492,2625600.0,45.968955993652344
2013-02-22,53.57331085205078,52.976295471191406,53.30113983154297,53.56452941894531,1788300.0,46.53335189819336
2013-02-25,54.2054443359375,53.34503936767578,53.9771728515625,53.35382080078125,2936500.0,46.35029983520508
2013-02-26,53.88059616088867,53.30992126464844,53.66110610961914,53.6259880065918,2226500.0,46.58673858642578
2013-02-27,54.28445816040039,53.25724411010742,53.43283462524414,54.07374954223633,1890500.0,46.97572708129883
2013-02-28,54.18788528442383,53.87181854248047,54.170326232910156,53.87181854248047,2211900.0,46.80030822753906
2013-03-01,54.2142219543457,53.2835807800293,53.810359954833984,54.126426696777344,1940100.0,47.021484375
2013-03-04,54.33713912963867,53.64354705810547,53.836700439453125,54.29323959350586,2008900.0,47.16640853881836
2013-03-05,55.04828643798828,54.36347579956055,54.433712005615234,55.01316833496094,2061500.0,47.79182815551758
2013-03-06,54.92537307739258,54.460052490234375,54.907814025878906,54.69710159301758,1768000.0,47.89597702026367
2013-03-07,55.81211471557617,54.69710159301758,54.85513687133789,55.61018371582031,4031400.0,48.695526123046875
2013-03-08,55.93503189086914,55.452152252197266,55.539947509765625,55.61896514892578,2384800.0,48.703224182128906
2013-03-11,56.09306335449219,55.61018371582031,55.645301818847656,56.075504302978516,2049000.0,49.102989196777344
2013-03-12,56.172080993652344,55.970149993896484,56.101844787597656,56.163299560546875,2228400.0,49.17986297607422
2013-03-13,56.3740119934082,56.057945251464844,56.189640045166016,56.34767150878906,1623500.0,49.3413200378418
2013-03-14,57.09394073486328,56.365234375,56.365234375,57.08516311645508,2849500.0,49.98711395263672
2013-03-15,57.11149978637695,56.514488220214844,56.77787399291992,56.611061096191406,4055800.0,49.57194519042969
2013-03-18,56.6022834777832,56.01404571533203,56.075504302978516,56.38279342651367,1867700.0,49.3720703125
2013-03-19,56.593502044677734,55.89113235473633,56.46180725097656,56.46180725097656,1792300.0,49.44125747680664
2013-03-20,56.909568786621094,56.33011245727539,56.76031494140625,56.56716537475586,1871400.0,49.53351974487305
2013-03-21,56.532047271728516,55.68920135498047,56.172080993652344,55.95259094238281,2528500.0,48.995361328125
2013-03-22,56.38279342651367,55.882354736328125,56.189640045166016,56.2598762512207,1819700.0,49.26443862915039
2013-03-25,56.67251968383789,55.80333709716797,56.58472442626953,56.12818145751953,1950000.0,49.14911651611328
2013-03-26,56.89200973510742,56.22475814819336,56.22475814819336,56.88323211669922,2185900.0,49.8102912902832
2013-03-27,56.8305549621582,56.277435302734375,56.54082489013672,56.76909637451172,1721400.0,49.7103385925293
2013-03-28,57.17295837402344,56.479366302490234,56.62862014770508,57.09394073486328,2521200.0,49.99480056762695
2013-04-01,57.22563552856445,56.62862014770508,56.76909637451172,56.78665542602539,1707200.0,49.725711822509766
2013-04-02,57.66461944580078,56.935909271240234,57.19929885864258,57.31343460083008,2197300.0,50.18699645996094
2013-04-03,57.497806549072266,56.68130111694336,57.29587173461914,56.848114013671875,1822500.0,49.779537200927734
2013-04-04,57.12028121948242,56.47058868408203,56.935909271240234,56.821773529052734,1374600.0,49.75647735595703
2013-04-05,56.286216735839844,55.57506561279297,56.277435302734375,55.987709045410156,1924500.0,49.026119232177734
2013-04-08,56.417911529541016,55.7857780456543,55.91747283935547,56.417911529541016,1238200.0,49.402828216552734
2013-04-09,56.821773529052734,56.04916763305664,56.496925354003906,56.593502044677734,1714100.0,49.55657958984375
2013-04-10,57.68217849731445,56.44424819946289,56.57594299316406,57.64706039428711,1586300.0,50.4791374206543
2013-04-11,58.129940032958984,57.480247497558594,57.62950134277344,58.04214096069336,1362800.0,50.8250846862793
2013-04-12,58.05970001220703,57.51536560058594,58.05970001220703,57.86655044555664,1722000.0,50.67134094238281
2013-04-15,57.85776901245117,56.57594299316406,57.76997375488281,56.593502044677734,2075200.0,49.55657958984375
2013-04-16,57.480247497558594,56.64617919921875,56.812992095947266,57.42756652832031,1753300.0,50.28693771362305
2013-04-17,57.43634796142578,56.172080993652344,56.909568786621094,57.3748893737793,3394500.0,50.240806579589844
2013-04-18,57.8314323425293,56.52326583862305,57.79631423950195,56.74275588989258,1656700.0,49.68727111816406
2013-04-19,57.445125579833984,56.514488220214844,56.514488220214844,57.269535064697266,2442900.0,50.14855194091797
2013-04-22,57.66461944580078,56.812992095947266,57.251976013183594,57.50658416748047,1575100.0,50.35612487792969
2013-04-23,58.28797149658203,57.42756652832031,57.892887115478516,58.261634826660156,1444800.0,51.017295837402344
2013-04-24,58.779632568359375,58.34064865112305,58.56013870239258,58.5338020324707,1460300.0,51.255611419677734
2013-04-25,58.80596923828125,58.37576675415039,58.7620735168457,58.62159729003906,1738400.0,51.33250045776367
2013-04-26,58.62159729003906,58.121158599853516,58.61281967163086,58.463565826416016,982000.0,51.19411087036133
2013-04-29,59.04301834106445,58.2967529296875,58.42844772338867,58.94644546508789,1081400.0,51.61695098876953
2013-04-30,59.13081741333008,58.70939254760742,58.81475067138672,59.12203598022461,1869800.0,51.77070999145508
2013-05-01,59.16593551635742,58.56013870239258,59.16593551635742,58.665496826171875,1755400.0,51.370941162109375
2013-05-02,59.47322082519531,58.47234344482422,58.67427444458008,59.16593551635742,1912900.0,51.80915069580078
2013-05-03,60.825286865234375,59.719051361083984,60.15803146362305,60.78138732910156,2141000.0,53.2237434387207
2013-05-06,60.71992874145508,60.166812896728516,60.71992874145508,60.29850769042969,1525100.0,52.80089569091797
2013-05-07,60.65847396850586,60.166812896728516,60.42142105102539,60.27216720581055,2227500.0,52.77783203125
2013-05-08,60.40386199951172,60.061458587646484,60.263389587402344,60.193153381347656,2788200.0,52.708648681640625
2013-05-09,61.676910400390625,60.40386199951172,60.482879638671875,61.457420349121094,3489500.0,53.815711975097656
2013-05-10,61.6944694519043,61.08867263793945,61.562774658203125,61.48375701904297,1882700.0,53.838768005371094
2013-05-13,61.60667419433594,61.229148864746094,61.26426696777344,61.52765655517578,1545900.0,53.8772087097168
2013-05-14,62.25636672973633,61.62423324584961,61.63301086425781,62.1685676574707,2074000.0,54.43843078613281
2013-05-15,62.99385452270508,62.11589050292969,62.20368576049805,62.98507308959961,2558500.0,55.153419494628906
2013-05-16,63.13432693481445,62.23002624511719,62.79192352294922,62.31782150268555,2192400.0,54.56913375854492
2013-05-17,63.21334457397461,62.33538055419922,62.7392463684082,63.204566955566406,2910100.0,55.345611572265625
2013-05-20,63.21334457397461,62.17734909057617,63.21334457397461,62.37928009033203,2452100.0,54.62294387817383
2013-05-21,62.71290588378906,62.1685676574707,62.36172103881836,62.36172103881836,2231600.0,54.607566833496094
2013-05-22,62.49341583251953,61.474979400634766,62.414398193359375,61.68568801879883,3174600.0,54.015602111816406
2013-05-23,61.64179229736328,61.21158981323242,61.37840270996094,61.39596176147461,2207600.0,53.76189422607422
2013-05-24,61.32572555541992,60.83406448364258,61.16769027709961,61.32572555541992,1788100.0,53.70038986206055
2013-05-28,62.3880615234375,61.650569915771484,61.896400451660156,61.88761901855469,2093800.0,54.19241714477539
2013-05-29,61.63301086425781,61.018436431884766,61.457420349121094,61.25548553466797,1695800.0,53.638893127441406
2013-05-30,61.63301086425781,61.29060745239258,61.4661979675293,61.29060745239258,1700700.0,53.669639587402344
2013-05-31,61.59789276123047,60.21949005126953,60.95698165893555,60.33362579345703,3552700.0,52.83164596557617
2013-06-03,61.115013122558594,60.280948638916016,60.280948638916016,61.06233596801758,2462200.0,53.46975326538086
2013-06-04,61.343284606933594,60.24583053588867,60.97454071044922,60.55311584472656,2023300.0,53.02384948730469
2013-06-05,60.491661071777344,59.517120361328125,60.254608154296875,59.57857894897461,1976100.0,52.17048645019531
2013-06-06,59.72783279418945,59.069358825683594,59.4205436706543,59.6488151550293,2544000.0,52.231990814208984
2013-06-07,60.62335205078125,59.859527587890625,60.149253845214844,60.50043869018555,2335600.0,52.977718353271484
2013-06-10,60.66725158691406,60.21071243286133,60.54433822631836,60.38630294799805,1297600.0,52.877784729003906
2013-06-11,60.30728530883789,59.68393325805664,59.99121856689453,59.79806900024414,1816700.0,52.3626823425293
2013-06-12,60.0,59.05179977416992,59.920982360839844,59.113258361816406,1646300.0,52.142333984375
2013-06-13,60.13169479370117,58.96400451660156,59.113258361816406,59.947322845458984,1762300.0,52.87803649902344
2013-06-14,60.175594329833984,59.56979751586914,59.745391845703125,59.71027374267578,1620400.0,52.668949127197266
2013-06-17,60.65847396850586,60.04389953613281,60.193153381347656,60.31606674194336,1931400.0,53.20330047607422
2013-06-18,61.17647171020508,60.2370491027832,60.28972625732422,61.106231689453125,1458100.0,53.900291442871094
2013-06-19,61.43986129760742,60.509220123291016,60.64969253540039,60.61457443237305,2168900.0,53.466609954833984
2013-06-20,60.280948638916016,59.771728515625,60.08779525756836,59.8770866394043,2839400.0,52.81609344482422
2013-06-21,60.56189727783203,59.69271469116211,60.29850769042969,60.29850769042969,3641700.0,53.187808990478516
2013-06-24,60.51799774169922,59.79806900024414,60.07023620605469,60.035118103027344,2064200.0,52.95549011230469
2013-06-25,60.71992874145508,59.84196853637695,60.71992874145508,60.43898010253906,1499700.0,53.31172180175781
2013-06-26,61.2379264831543,60.711151123046875,61.018436431884766,60.886741638183594,1947100.0,53.7066764831543
2013-06-27,61.38718032836914,60.74626922607422,61.17647171020508,60.904300689697266,1571500.0,53.72216796875
2013-06-28,60.904300689697266,60.140472412109375,60.50043869018555,60.456539154052734,3545400.0,53.32720184326172
2013-07-01,61.38718032836914,60.35996627807617,60.43020248413086,60.97454071044922,2221200.0,53.78413391113281
2013-07-02,61.88761901855469,60.75504684448242,61.273048400878906,61.52765655517578,2683400.0,54.27201843261719
2013-07-03,61.97541809082031,61.07111358642578,61.18524932861328,61.668128967285156,1200300.0,54.39592361450195
2013-07-05,62.48463439941406,61.457420349121094,62.01931381225586,62.11589050292969,1748000.0,54.79088592529297
2013-07-08,62.57243347167969,62.13344955444336,62.23002624511719,62.309043884277344,1546400.0,54.96125411987305
2013-07-09,62.633888244628906,62.238807678222656,62.33538055419922,62.37049865722656,1692600.0,55.01546096801758
2013-07-10,63.09920883178711,62.194908142089844,62.212467193603516,62.99385452270508,1924100.0,55.5653190612793
2013-07-11,63.73134231567383,62.99385452270508,63.406497955322266,63.08164978027344,2565900.0,55.64275360107422
2013-07-12,64.47761535644531,63.151885986328125,63.204566955566406,64.4512710571289,3199400.0,56.85085678100586
2013-07-15,64.37225341796875,63.406497955322266,64.31079864501953,63.52941131591797,2370900.0,56.037715911865234
2013-07-16,63.76646041870117,63.274803161621094,63.68744659423828,63.47673416137695,1484900.0,55.99125289916992
2013-07-17,63.95961380004883,63.44161605834961,63.801578521728516,63.494293212890625,2153000.0,56.006736755371094
2013-07-18,64.13520812988281,63.70500564575195,63.801578521728516,63.93327331542969,1459100.0,56.393951416015625
2013-07-19,64.24056243896484,63.44161605834961,64.21422576904297,63.98595428466797,2580200.0,56.4404296875
2013-07-22,64.82001495361328,63.90693664550781,64.78489685058594,64.23178100585938,1826100.0,56.657257080078125
2013-07-23,64.38103485107422,63.634765625,64.24056243896484,63.64354705810547,1754900.0,56.138389587402344
2013-07-24,64.04740905761719,63.25724411010742,64.04740905761719,63.406497955322266,1464800.0,55.929283142089844
2013-07-25,63.56452941894531,62.91483688354492,63.37137985229492,63.36259841918945,1791100.0,55.89057540893555
2013-07-26,63.65232849121094,62.958736419677734,63.25724411010742,63.634765625,1624800.0,56.13064956665039
2013-07-29,63.64354705810547,63.08164978027344,63.35382080078125,63.30113983154297,1054800.0,55.83635711669922
2013-07-30,63.81914138793945,63.22212600708008,63.81914138793945,63.33626174926758,1426500.0,55.86734390258789
2013-07-31,63.898155212402344,63.24846267700195,63.75768280029297,63.292362213134766,2489200.0,55.82862091064453
2013-08-01,63.23090362548828,61.553993225097656,61.905181884765625,63.08164978027344,2633300.0,55.64275360107422
2013-08-02,62.87971878051758,62.212467193603516,62.528533935546875,62.844600677490234,2377800.0,55.43366241455078
2013-08-05,62.958736419677734,62.47585678100586,62.80070114135742,62.862159729003906,2314500.0,55.44914627075195
2013-08-06,63.54697036743164,62.423179626464844,62.756805419921875,63.42405700683594,1926900.0,55.944786071777344
2013-08-07,63.45917510986328,62.92361831665039,63.30992126464844,63.204566955566406,1663900.0,55.75117111206055
2013-08-08,63.784019470214844,63.1694450378418,63.52941131591797,63.5118522644043,1566500.0,56.022220611572266
2013-08-09,63.7401237487793,63.160667419433594,63.274803161621094,63.61720657348633,1410900.0,56.11515808105469
2013-08-12,63.942054748535156,63.12554931640625,63.22212600708008,63.915714263916016,1452600.0,56.37846755981445
2013-08-13,64.11764526367188,63.77524185180664,64.08252716064453,64.08252716064453,2841900.0,56.52560806274414
2013-08-14,64.16154479980469,63.77524185180664,63.95083236694336,63.810359954833984,1584800.0,56.285526275634766
2013-08-15,63.42405700683594,62.642669677734375,63.406497955322266,62.870941162109375,1769300.0,55.4568977355957
2013-08-16,63.2835807800293,62.66900634765625,62.748023986816406,63.11676788330078,2041700.0,55.67374038696289
2013-08-19,63.42405700683594,62.870941162109375,62.870941162109375,63.12554931640625,1581800.0,55.68146896362305
2013-08-20,63.66110610961914,62.99385452270508,63.02897262573242,63.5118522644043,1400900.0,56.022220611572266
2013-08-21,63.54697036743164,62.870941162109375,63.34503936767578,63.064090728759766,1781800.0,55.62726974487305
2013-08-22,63.77524185180664,63.12554931640625,63.22212600708008,63.599647521972656,922000.0,56.09967041015625
2013-08-23,63.70500564575195,63.22212600708008,63.634765625,63.45917510986328,1501600.0,55.97576141357422
2013-08-26,63.634765625,61.360843658447266,61.360843658447266,63.23968505859375,1251900.0,55.78215789794922
2013-08-27,62.844600677490234,62.24758529663086,62.528533935546875,62.2827033996582,1858600.0,54.938018798828125
2013-08-28,62.68656539916992,62.20368576049805,62.440738677978516,62.2827033996582,1810000.0,54.938018798828125
2013-08-29,62.89727783203125,61.82616424560547,62.14223098754883,62.59877014160156,1614700.0,55.216827392578125
2013-08-30,62.60755157470703,62.124671936035156,62.58999252319336,62.47585678100586,1715300.0,55.108402252197266
2013-09-03,63.608428955078125,62.33538055419922,63.19578552246094,62.69534683227539,2068600.0,55.30200958251953
2013-09-04,63.31869888305664,61.246707916259766,61.536434173583984,63.25724411010742,1904100.0,55.79764175415039
2013-09-05,63.54697036743164,63.02897262573242,63.064090728759766,63.5118522644043,1329800.0,56.022220611572266
2013-09-06,64.3371353149414,62.66022872924805,63.608428955078125,64.2054443359375,2637500.0,56.6340217590332
2013-09-09,64.91659545898438,64.21422576904297,64.21422576904297,64.78489685058594,1936600.0,57.14514923095703
2013-09-10,65.30289459228516,64.74099731445312,65.30289459228516,64.74099731445312,3594600.0,57.10642623901367
2013-09-11,65.06584930419922,64.24934387207031,64.4073715209961,64.9780502319336,3492500.0,57.703224182128906
2013-09-12,65.41703033447266,64.7497787475586,64.89025115966797,65.12730407714844,1521800.0,57.835784912109375
2013-09-13,65.25900268554688,64.49517059326172,65.17120361328125,65.04828643798828,2144000.0,57.76560974121094
2013-09-16,65.78577423095703,64.99561309814453,65.71553802490234,65.05706787109375,2229900.0,57.773406982421875
2013-09-17,65.32923889160156,64.88147735595703,65.17998504638672,65.10974884033203,2614100.0,57.82018280029297
2013-09-18,65.72431945800781,64.7497787475586,65.11852264404297,65.61896514892578,1884000.0,58.272403717041016
2013-09-19,65.80333709716797,65.39069366455078,65.75065612792969,65.5662841796875,1887700.0,58.22560119628906
2013-09-20,65.74188232421875,65.28533935546875,65.63652038574219,65.34679412841797,2742500.0,58.030696868896484
2013-09-23,65.51361083984375,63.836700439453125,65.14486694335938,64.2054443359375,3461500.0,57.017127990722656
2013-09-24,64.35469818115234,63.467952728271484,63.608428955078125,64.04740905761719,2185300.0,56.87678527832031
2013-09-25,64.28446197509766,63.494293212890625,64.17032623291016,63.66988754272461,1334900.0,56.54153060913086
2013-09-26,64.26689910888672,63.713783264160156,63.942054748535156,64.02107238769531,1366000.0,56.853397369384766
2013-09-27,63.8542594909668,62.870941162109375,63.827919006347656,63.70500564575195,1590000.0,56.572715759277344
2013-09-30,63.66110610961914,63.11676788330078,63.485511779785156,63.54697036743164,2005400.0,56.43238067626953
2013-10-01,63.722564697265625,63.11676788330078,63.722564697265625,63.35382080078125,1691700.0,56.2608528137207
2013-10-02,63.30992126464844,62.91483688354492,63.21334457397461,63.23090362548828,1970100.0,56.15169143676758
2013-10-03,63.21334457397461,62.238807678222656,62.958736419677734,62.423179626464844,1552000.0,55.43440246582031
2013-10-04,62.870941162109375,62.2827033996582,62.56365203857422,62.79192352294922,1413400.0,55.76185989379883
2013-10-07,62.642669677734375,61.91395950317383,62.238807678222656,62.35293960571289,1003000.0,55.372032165527344
2013-10-08,62.54609298706055,61.60667419433594,62.45829772949219,61.668128967285156,1712000.0,54.76388168334961
2013-10-09,61.984195709228516,61.37840270996094,61.676910400390625,61.7032470703125,1612100.0,54.79507064819336
2013-10-10,63.151885986328125,61.992977142333984,62.194908142089844,63.046531677246094,1597400.0,55.98796844482422
2013-10-11,63.67866516113281,62.528533935546875,62.56365203857422,63.66110610961914,1225500.0,56.533729553222656
2013-10-14,63.99473190307617,63.33626174926758,63.52941131591797,63.9683952331543,1124500.0,56.806610107421875
2013-10-15,63.836700439453125,63.37137985229492,63.68744659423828,63.494293212890625,2040100.0,56.385589599609375
2013-10-16,64.78489685058594,63.84547805786133,64.04740905761719,64.72344207763672,2066300.0,57.47713851928711
2013-10-17,65.10096740722656,64.31079864501953,64.4512710571289,65.03950500488281,1608800.0,57.7578125
2013-10-18,65.40825653076172,64.85513305664062,65.10096740722656,65.1360855102539,1962100.0,57.84357833862305
2013-10-21,65.62774658203125,64.87269592285156,64.96049499511719,65.58384704589844,1410700.0,58.241214752197266
2013-10-22,66.50570678710938,65.53116607666016,65.7770004272461,66.24231719970703,1556600.0,58.825950622558594
2013-10-23,66.11940002441406,65.69798278808594,66.05794525146484,65.94380950927734,1266100.0,58.560874938964844
2013-10-24,66.40913391113281,65.97014617919922,66.11062622070312,66.20719909667969,1583000.0,58.794769287109375
2013-10-25,66.47058868408203,65.81211853027344,66.11940002441406,66.29499816894531,1330100.0,58.87274932861328
2013-10-28,66.7954330444336,65.97892761230469,66.12818145751953,66.43547058105469,1877100.0,58.997474670410156
2013-10-29,67.30465698242188,66.34767150878906,66.76031494140625,67.03248596191406,1917300.0,59.52766799926758
2013-10-30,66.64617919921875,64.76734161376953,66.64617919921875,65.23265838623047,2471000.0,57.929344177246094
2013-10-31,66.06672668457031,64.9780502319336,65.19754028320312,65.87357330322266,3106000.0,58.49849319458008
2013-11-01,66.2686538696289,65.75065612792969,66.1545181274414,66.11940002441406,2109700.0,58.716800689697266
2013-11-04,66.64617919921875,65.80333709716797,66.4793701171875,66.29499816894531,1800800.0,58.87274932861328
2013-11-05,66.43547058105469,65.61896514892578,66.06672668457031,66.29499816894531,1329000.0,58.87274932861328
2013-11-06,66.76909637451172,66.12818145751953,66.14574432373047,66.57594299316406,1427700.0,59.12222671508789
2013-11-07,67.08515930175781,66.03160858154297,66.85689544677734,66.136962890625,1745700.0,58.732398986816406
2013-11-08,66.75153350830078,66.03160858154297,66.23353576660156,66.73397827148438,1570900.0,59.262577056884766
2013-11-11,66.76031494140625,66.28621673583984,66.57594299316406,66.51448822021484,1328800.0,59.067657470703125
2013-11-12,66.63739776611328,66.18963623046875,66.4530258178711,66.4793701171875,2064500.0,59.036460876464844
2013-11-13,67.16417694091797,66.05794525146484,66.41790771484375,67.12027740478516,2775600.0,59.60562515258789
2013-11-14,67.98068237304688,67.17295837402344,67.28709411621094,67.57682037353516,2494700.0,60.01104736328125
2013-11-15,67.954345703125,67.20807647705078,67.48902893066406,67.89289093017578,2674000.0,60.29173278808594
2013-11-18,68.21773529052734,67.72607421875,67.91922760009766,67.91922760009766,2006200.0,60.315120697021484
2013-11-19,70.62335205078125,68.7269515991211,69.1834945678711,69.98243713378906,7722600.0,62.147335052490234
2013-11-20,70.35118865966797,69.19227600097656,70.15803527832031,69.40298461914062,3275500.0,61.63275909423828
2013-11-21,70.12291717529297,69.47322082519531,69.6400375366211,70.04389953613281,2192500.0,62.20191192626953
2013-11-22,70.27217102050781,69.85074615478516,69.92976379394531,70.2458267211914,1765900.0,62.3812370300293
2013-11-25,70.5882339477539,70.18437194824219,70.23705291748047,70.3424072265625,1921700.0,62.46699523925781
2013-11-26,73.59086608886719,70.06145477294922,73.02897644042969,70.50921630859375,2641900.0,62.61512756347656
2013-11-27,70.69358825683594,70.20193481445312,70.50044250488281,70.52677917480469,1211200.0,62.6307373046875
2013-11-29,70.80772399902344,70.21949005126953,70.39508056640625,70.25460815429688,951000.0,62.389041900634766
2013-12-02,70.35118865966797,69.74539184570312,70.19315338134766,69.85952758789062,1557500.0,62.0381965637207
2013-12-03,70.95697784423828,69.97366333007812,70.5443344116211,70.53556060791016,3243000.0,62.638519287109375
2013-12-04,70.3599624633789,69.13081359863281,70.14047241210938,69.64881134033203,2120200.0,61.85104751586914
2013-12-05,69.82440948486328,68.83230590820312,69.315185546875,68.94644165039062,2527300.0,61.227325439453125
2013-12-06,70.03511810302734,69.47322082519531,69.7541732788086,69.93854522705078,2130700.0,62.10836410522461
2013-12-09,70.03511810302734,68.97278594970703,69.97366333007812,69.36786651611328,2705500.0,61.60158157348633
2013-12-10,69.40298461914062,68.79718780517578,69.23617553710938,68.92888641357422,2278400.0,61.21174240112305
2013-12-11,68.96400451660156,67.79631042480469,68.74451446533203,67.98068237304688,3309200.0,60.79304504394531
2013-12-12,68.26163482666016,67.69095611572266,67.78753662109375,67.73485565185547,3402400.0,60.573211669921875
2013-12-13,68.27919006347656,67.58560180664062,68.1826171875,67.62071990966797,1884800.0,60.47113037109375
2013-12-16,68.45478820800781,67.76997375488281,68.0684814453125,68.05970001220703,1548100.0,60.86371612548828
2013-12-17,68.05970001220703,67.26953125,67.42756652832031,67.8226547241211,1950000.0,60.6517333984375
2013-12-18,69.49078369140625,67.7085189819336,68.23529052734375,69.43810272216797,3256200.0,62.096378326416016
2013-12-19,70.10535430908203,69.24494934082031,69.66637420654297,69.73661041259766,2828300.0,62.363311767578125
2013-12-20,70.44776153564453,69.3415298461914,69.72782897949219,70.21070861816406,4040300.0,62.78729248046875
2013-12-23,70.5882339477539,69.99121856689453,70.50921630859375,70.18437194824219,1624400.0,62.763729095458984
2013-12-24,70.49166107177734,69.8858642578125,70.04389953613281,70.4301986694336,682900.0,62.983551025390625
2013-12-26,71.0008773803711,70.35118865966797,70.63213348388672,70.89552307128906,996900.0,63.39968490600586
2013-12-27,71.23793029785156,70.72870635986328,71.07989501953125,70.86918640136719,823400.0,63.37611770629883
2013-12-30,71.20281219482422,70.684814453125,70.95697784423828,71.18524932861328,818500.0,63.65878677368164
2013-12-31,71.59789276123047,70.80772399902344,71.32572174072266,70.93942260742188,1258100.0,63.43894577026367
2014-01-02,70.63213348388672,69.69271087646484,70.38630676269531,70.1141357421875,2239100.0,62.70092010498047
2014-01-03,71.43985748291016,70.23705291748047,70.42142486572266,70.87796020507812,2218800.0,63.38396453857422
2014-01-06,71.08867645263672,69.70149230957031,70.7726058959961,70.07023620605469,1748300.0,62.66167068481445
2014-01-07,71.13257598876953,70.14047241210938,70.21949005126953,70.92185974121094,1567400.0,63.42324447631836
2014-01-08,70.8867416381836,70.15803527832031,70.50044250488281,70.5443344116211,2130000.0,63.08562469482422
2014-01-09,72.87094116210938,70.7023696899414,72.87094116210938,70.79016876220703,1645500.0,63.305477142333984
2014-01-10,71.21158599853516,70.20193481445312,71.16769409179688,70.5443344116211,1679200.0,63.08562469482422
2014-01-13,70.52677917480469,69.21861267089844,70.48287963867188,69.40298461914062,2377600.0,62.064945220947266
2014-01-14,70.26338958740234,69.30641174316406,69.63125610351562,70.19315338134766,1830400.0,62.771583557128906
2014-01-15,70.7989501953125,69.98243713378906,70.23705291748047,70.3160629272461,2306500.0,62.881500244140625
2014-01-16,70.46531677246094,69.98243713378906,70.27217102050781,70.07023620605469,1196100.0,62.66167068481445
2014-01-17,70.53556060791016,69.74539184570312,69.81562805175781,70.21070861816406,3122100.0,62.78729248046875
2014-01-21,70.93942260742188,70.07023620605469,70.60579681396484,70.51799774169922,1649300.0,63.062068939208984
2014-01-22,70.86918640136719,70.27217102050781,70.59701538085938,70.5706787109375,1485700.0,63.10920715332031
2014-01-23,72.43196105957031,69.23617553710938,71.9315185546875,69.63125610351562,1633000.0,62.26909255981445
2014-01-24,69.2010498046875,67.56803894042969,69.19227600097656,67.57682037353516,2400800.0,60.4318733215332
2014-01-27,68.0684814453125,67.03248596191406,67.03248596191406,67.16417694091797,1976200.0,60.062870025634766
2014-01-28,67.77875518798828,66.9095687866211,67.05882263183594,67.62950134277344,1775900.0,60.47898483276367
2014-01-29,67.81387329101562,66.88323211669922,67.11150360107422,67.19052124023438,1866100.0,60.0864143371582
2014-01-30,68.16505432128906,67.03248596191406,67.55926513671875,67.86654663085938,1592500.0,60.690975189208984
2014-01-31,67.72607421875,66.67252349853516,66.7251968383789,67.2519760131836,2120300.0,60.1413688659668
2014-02-03,67.4100112915039,64.78489685058594,67.26075744628906,65.03950500488281,3623500.0,58.162841796875
2014-02-04,68.410888671875,63.13432693481445,68.410888671875,65.80333709716797,4449500.0,58.845909118652344
2014-02-05,67.00614929199219,63.81914138793945,67.00614929199219,64.55662536621094,3263300.0,57.73101806640625
2014-02-06,65.25900268554688,64.17910766601562,64.48638916015625,65.14486694335938,2685000.0,58.25705337524414
2014-02-07,65.81211853027344,64.92537689208984,65.3204574584961,65.75065612792969,1928700.0,58.79879379272461
2014-02-10,66.3827896118164,64.82001495361328,66.2686538696289,65.3643569946289,2286900.0,58.45334243774414
2014-02-11,65.75943756103516,64.9780502319336,65.07462310791016,65.5487289428711,2872600.0,58.61821746826172
2014-02-12,66.63739776611328,65.67163848876953,66.34767150878906,66.35645294189453,4587400.0,59.340545654296875
2014-02-13,66.97102355957031,66.0228271484375,66.06672668457031,66.9095687866211,2309300.0,59.83517837524414
2014-02-14,67.15540313720703,66.11062622070312,66.50570678710938,66.96224975585938,1944800.0,59.88228225708008
2014-02-18,67.22563934326172,66.51448822021484,67.12027740478516,67.15540313720703,2041700.0,60.055015563964844
2014-02-19,67.56803894042969,66.64617919921875,66.76031494140625,66.85689544677734,1825900.0,59.7880744934082
2014-02-20,67.50658416748047,66.60227966308594,66.93590545654297,67.17295837402344,1418200.0,60.07072067260742
2014-02-21,67.5943832397461,66.83055114746094,67.4100112915039,66.90078735351562,2227400.0,59.827335357666016
2014-02-24,68.02458190917969,66.90078735351562,66.99736785888672,67.42756652832031,1967200.0,60.29840850830078
2014-02-25,67.80509185791016,66.97102355957031,67.58560180664062,67.6119384765625,1770000.0,60.463279724121094
2014-02-26,68.05970001220703,67.43634796142578,67.99824523925781,67.97190856933594,2613300.0,60.785194396972656
2014-02-27,68.39332580566406,67.69095611572266,67.7085189819336,68.23529052734375,2288100.0,61.02074432373047
2014-02-28,68.89376831054688,67.77875518798828,68.37577056884766,68.28797149658203,2678200.0,61.067832946777344
2014-03-03,67.76997375488281,67.01492309570312,67.64705657958984,67.31343078613281,1996300.0,60.19633102416992
2014-03-04,68.93766784667969,68.09481811523438,68.21773529052734,68.87620544433594,2941400.0,61.5938720703125
2014-03-05,68.63916015625,68.02458190917969,68.48112487792969,68.23529052734375,1894800.0,61.02074432373047
2014-03-06,68.68305206298828,68.16505432128906,68.37577056884766,68.50746154785156,1529200.0,61.26412582397461
2014-03-07,69.2976303100586,68.60404205322266,68.87620544433594,68.97278594970703,1830300.0,61.680259704589844
2014-03-10,69.1132583618164,68.27919006347656,68.9991226196289,68.66549682617188,1932400.0,61.405452728271484
2014-03-11,68.8849868774414,68.13871765136719,68.77963256835938,68.39332580566406,1555700.0,61.162044525146484
2014-03-12,68.27919006347656,67.60315704345703,67.8402099609375,68.20895385742188,1903400.0,61.42831039428711
2014-03-13,68.44600677490234,67.33099365234375,68.28797149658203,67.5943832397461,3153500.0,60.874820709228516
2014-03-14,68.3143081665039,67.43634796142578,68.07726287841797,68.0860366821289,2632100.0,61.317596435546875
2014-03-17,68.92010498046875,68.22651672363281,68.410888671875,68.91132354736328,2947300.0,62.06083297729492
2014-03-18,69.39420318603516,68.7269515991211,68.80596923828125,69.35030364990234,1994200.0,62.45619201660156
2014-03-19,69.4293212890625,68.30553436279297,69.4293212890625,68.73573303222656,1577200.0,61.90270233154297
2014-03-20,68.93766784667969,68.1826171875,68.34942626953125,68.77963256835938,1344000.0,61.94224166870117
2014-03-21,69.70149230957031,68.04214477539062,69.64881134033203,68.26163482666016,5281900.0,61.475738525390625
2014-03-24,68.48112487792969,66.86566925048828,68.35820770263672,67.12027740478516,2233000.0,60.44784927368164
2014-03-25,67.90166473388672,66.97980499267578,67.33099365234375,67.32221221923828,1823100.0,60.62969970703125
2014-03-26,67.8226547241211,66.90078735351562,67.69095611572266,66.90078735351562,1611900.0,60.250179290771484
2014-03-27,67.35733032226562,66.33011627197266,66.76909637451172,67.31343078613281,2465500.0,60.621788024902344
2014-03-28,68.19139862060547,67.22563934326172,67.6119384765625,67.55926513671875,1505900.0,60.84318923950195
2014-03-31,68.14749908447266,67.4100112915039,67.72607421875,67.83142852783203,1653300.0,61.08830261230469
2014-04-01,68.0684814453125,67.28709411621094,67.64705657958984,68.04214477539062,2012800.0,61.27806091308594
2014-04-02,68.3845443725586,67.83142852783203,67.96312713623047,68.19139862060547,1898500.0,61.41248321533203
2014-04-03,68.48112487792969,67.62071990966797,68.46356201171875,67.92800903320312,1351500.0,61.175270080566406
2014-04-04,68.28797149658203,66.52326965332031,68.27919006347656,66.5671615600586,2304500.0,59.94970703125
2014-04-07,66.89201354980469,65.86479187011719,66.69886016845703,66.08428192138672,1949800.0,59.51482391357422
2014-04-08,66.67252349853516,65.98770904541016,66.2510986328125,66.3388900756836,1896000.0,59.74413299560547
2014-04-09,66.69007873535156,65.89990997314453,66.25988006591797,66.61984252929688,1808200.0,59.997154235839844
2014-04-10,68.59526062011719,66.04039001464844,68.55136108398438,66.04039001464844,4243200.0,59.47529983520508
2014-04-11,66.10184478759766,64.69710540771484,65.55751037597656,64.73222351074219,3110000.0,58.29718017578125
2014-04-14,65.46971130371094,64.42493438720703,65.32923889160156,65.17998504638672,2255500.0,58.700439453125
2014-04-15,65.96137237548828,64.7936782836914,65.23265838623047,65.91747283935547,2401900.0,59.36460494995117
2014-04-16,66.46180725097656,65.57506561279297,66.46180725097656,66.22476196289062,2195400.0,59.64134216308594
2014-04-17,67.12027740478516,66.0228271484375,66.05794525146484,66.99736785888672,2322800.0,60.33715057373047
2014-04-21,67.11150360107422,66.52326965332031,66.52326965332031,66.77787780761719,1054800.0,60.13947677612305
2014-04-22,67.26075744628906,66.51448822021484,66.8393325805664,67.01492309570312,1355000.0,60.352962493896484
2014-04-23,67.19929504394531,66.60227966308594,66.60227966308594,66.97980499267578,1582600.0,60.321319580078125
2014-04-24,67.62071990966797,67.00614929199219,67.46268463134766,67.26953125,1744900.0,60.58224868774414
2014-04-25,67.32221221923828,66.28621673583984,66.93590545654297,66.42668914794922,1637600.0,59.82320022583008
2014-04-28,67.19052124023438,65.83845520019531,66.76031494140625,66.44425201416016,2413600.0,59.83901596069336
2014-04-29,67.71729278564453,66.74275970458984,66.86566925048828,67.5943832397461,2152400.0,60.874820709228516
2014-04-30,68.78841400146484,66.76031494140625,66.76909637451172,68.44600677490234,2429400.0,61.64176940917969
2014-05-01,68.71817016601562,67.92800903320312,68.45478820800781,68.14749908447266,1468900.0,61.372947692871094
2014-05-02,68.6567153930664,67.86654663085938,68.21773529052734,68.07726287841797,2004600.0,61.309696197509766
2014-05-05,68.43722534179688,67.3836669921875,67.84899139404297,68.36698913574219,1389400.0,61.570613861083984
2014-05-06,68.12993621826172,67.57682037353516,67.98946380615234,67.65583801269531,1924100.0,60.930152893066406
2014-05-07,68.05970001220703,67.12905883789062,67.8226547241211,68.00702667236328,2406300.0,61.24645233154297
2014-05-08,68.63037872314453,67.72607421875,67.88410949707031,68.34942626953125,2093000.0,61.5548095703125
2014-05-09,68.70939636230469,68.05091857910156,68.14749908447266,68.5425796508789,1540300.0,61.7287483215332
2014-05-12,69.46443939208984,68.47234344482422,68.47234344482422,69.26251220703125,1502700.0,62.37710952758789
2014-05-13,69.46443939208984,69.00790405273438,69.27129364013672,69.28884887695312,1416000.0,62.40082931518555
2014-05-14,69.44688415527344,68.4284439086914,69.37664794921875,68.56014251708984,1144400.0,61.744564056396484
2014-05-15,68.48112487792969,67.1378402709961,68.34942626953125,67.3836669921875,2406500.0,60.6850471496582
2014-05-16,68.34065246582031,67.12027740478516,67.5241470336914,68.3143081665039,2084100.0,61.523162841796875
2014-05-19,68.58647918701172,67.91922760009766,68.05970001220703,68.5250244140625,1277500.0,61.71293258666992
2014-05-20,68.6128158569336,67.92800903320312,68.6128158569336,68.09481811523438,1880400.0,61.325504302978516
2014-05-21,68.5425796508789,67.97190856933594,68.5425796508789,68.23529052734375,1481600.0,61.45203399658203
2014-05-22,68.7269515991211,68.05970001220703,68.3845443725586,68.55136108398438,1132100.0,61.73665237426758
2014-05-23,69.25373077392578,68.60404205322266,68.76206970214844,69.2273941040039,1103100.0,62.34550094604492
2014-05-27,69.62247467041016,69.23617553710938,69.36786651611328,69.62247467041016,1335300.0,62.701297760009766
2014-05-28,70.05268096923828,69.19227600097656,69.99121856689453,69.24494934082031,1426100.0,62.36130905151367
2014-05-29,69.85952758789062,69.27129364013672,69.51712036132812,69.85074615478516,1210500.0,62.90687561035156
2014-05-30,70.1316909790039,69.6839370727539,70.01756286621094,69.95610046386719,2530400.0,63.001739501953125
2014-06-02,70.16681671142578,69.49078369140625,69.92976379394531,69.69271087646484,1116600.0,62.76454544067383
2014-06-03,69.69271087646484,68.9552230834961,69.28884887695312,69.10447692871094,2615800.0,62.23480224609375
2014-06-04,69.21861267089844,68.55136108398438,68.7708511352539,69.20983123779297,2659100.0,62.32968521118164
2014-06-05,69.21861267089844,68.4986801147461,69.17471313476562,69.09569549560547,1725800.0,62.22689437866211
2014-06-06,69.94731903076172,69.1834945678711,69.50833892822266,69.89464569091797,1608700.0,62.946407318115234
2014-06-09,70.35118865966797,69.82440948486328,69.8683090209961,70.23705291748047,1460000.0,63.25478744506836
2014-06-10,70.56189727783203,69.6839370727539,69.99121856689453,69.71027374267578,2255400.0,62.78036880493164
2014-06-11,69.32396697998047,68.56891632080078,69.00790405273438,68.9552230834961,1827400.0,62.53095626831055
2014-06-12,69.03424072265625,68.43722534179688,68.55136108398438,68.70061492919922,1331900.0,62.30005645751953
2014-06-13,69.42054748535156,68.70061492919922,68.9552230834961,69.19227600097656,1233600.0,62.74590301513672
2014-06-16,69.47322082519531,68.87620544433594,68.89376831054688,69.05180358886719,1170000.0,62.61852264404297
2014-06-17,69.2010498046875,68.66549682617188,68.90254974365234,68.67427825927734,2226000.0,62.27616882324219
2014-06-18,69.09569549560547,68.410888671875,68.67427825927734,69.01667785644531,2551300.0,62.586666107177734
2014-06-19,69.28884887695312,68.78841400146484,69.25373077392578,68.8849868774414,1875500.0,62.467247009277344
2014-06-20,69.93854522705078,68.92010498046875,69.23617553710938,69.7541732788086,3984700.0,63.255455017089844
2014-06-23,69.87708282470703,69.23617553710938,69.67515563964844,69.55223846435547,1049200.0,63.072330474853516
2014-06-24,69.91220092773438,69.2273941040039,69.49078369140625,69.4117660522461,1189500.0,62.9449462890625
2014-06-25,69.74539184570312,69.01667785644531,69.14837646484375,69.57857513427734,1182300.0,63.09619903564453
2014-06-26,69.60491943359375,69.03424072265625,69.60491943359375,69.4556655883789,1000100.0,62.98475646972656
2014-06-27,69.84196472167969,69.23617553710938,69.4117660522461,69.78050994873047,1553900.0,63.27934265136719
2014-06-30,69.78929138183594,69.2010498046875,69.47322082519531,69.60491943359375,1275400.0,63.12009811401367
2014-07-01,70.72870635986328,69.53468322753906,69.90342712402344,70.56189727783203,1871900.0,63.98793029785156
2014-07-02,70.5443344116211,69.89464569091797,70.2458267211914,70.4301986694336,1591000.0,63.86849594116211
2014-07-03,70.7726058959961,70.23705291748047,70.23705291748047,70.75505065917969,883200.0,64.16309356689453
2014-07-07,70.69358825683594,70.32484436035156,70.39508056640625,70.62335205078125,1255200.0,64.04367065429688
2014-07-08,70.93942260742188,70.3424072265625,70.55311584472656,70.64969635009766,1723700.0,64.06755065917969
2014-07-09,70.86918640136719,70.40386199951172,70.82528686523438,70.64969635009766,1074600.0,64.06755065917969
2014-07-10,70.93942260742188,70.03511810302734,70.93942260742188,70.36874389648438,1085600.0,63.812774658203125
2014-07-11,70.50044250488281,69.90342712402344,70.4740982055664,70.35118865966797,1217800.0,63.79684829711914
2014-07-14,70.67603302001953,70.37752532958984,70.57945251464844,70.53556060791016,913000.0,63.96404266357422
2014-07-15,70.86040496826172,70.14047241210938,70.5443344116211,70.53556060791016,1059600.0,63.96404266357422
2014-07-16,70.83406829833984,70.51799774169922,70.80772399902344,70.67603302001953,1121600.0,64.09143829345703
2014-07-17,70.7023696899414,70.1141357421875,70.27217102050781,70.20193481445312,1214800.0,63.66150665283203
2014-07-18,71.25548553466797,70.25460815429688,70.61457061767578,71.14134979248047,1583800.0,64.51339721679688
2014-07-21,71.17646789550781,70.59701538085938,70.75505065917969,71.09745025634766,1141800.0,64.47357177734375
2014-07-22,71.80860137939453,71.14134979248047,71.25548553466797,71.71202850341797,949100.0,65.03089904785156
2014-07-23,71.88761901855469,71.36962127685547,71.60667419433594,71.84371948242188,1188700.0,65.15032196044922
2014-07-24,72.44073486328125,71.63301086425781,71.64179229736328,72.37049865722656,1443700.0,65.62802124023438
2014-07-25,72.53731536865234,72.02809143066406,72.44951629638672,72.52853393554688,1364000.0,65.7713394165039
2014-07-28,72.52853393554688,71.9139633178711,72.4056167602539,72.42317962646484,1005100.0,65.67581176757812
2014-07-29,72.59877014160156,71.87883758544922,72.55487060546875,71.87883758544922,1505300.0,65.18217468261719
2014-07-30,72.39684295654297,71.73836517333984,72.28270721435547,72.12467193603516,1898900.0,65.40509796142578
2014-07-31,72.43196105957031,71.05355834960938,72.19490814208984,71.3871841430664,1865900.0,64.736328125
2014-08-01,71.84371948242188,71.0008773803711,71.0008773803711,71.589111328125,1922200.0,64.91944122314453
2014-08-04,71.55399322509766,70.75505065917969,71.39595794677734,71.29938507080078,2411300.0,64.65670013427734
2014-08-05,71.31694793701172,70.37752532958984,71.31694793701172,70.6584701538086,1750800.0,64.07550811767578
2014-08-06,70.82528686523438,70.3599624633789,70.60579681396484,70.55311584472656,1184200.0,63.97996520996094
2014-08-07,71.08867645263672,70.07023620605469,70.83406829833984,70.29850769042969,1504200.0,63.749080657958984
2014-08-08,71.36083984375,70.41264343261719,70.41264343261719,71.22036743164062,1463800.0,64.58506774902344
2014-08-11,71.76470947265625,71.25548553466797,71.29938507080078,71.41352081298828,1120300.0,64.76020812988281
2014-08-12,71.71202850341797,71.05355834960938,71.21158599853516,71.35206604003906,1165300.0,64.70447540283203
2014-08-13,72.05443572998047,71.26426696777344,71.76470947265625,71.99297332763672,1206300.0,65.28568267822266
2014-08-14,73.55574798583984,71.72080993652344,73.55574798583984,72.33538055419922,905600.0,65.59619140625
2014-08-15,73.00263214111328,71.7032470703125,72.99385070800781,72.23002624511719,1885200.0,65.50064086914062
2014-08-18,73.1606674194336,72.44073486328125,72.53731536865234,73.0904312133789,1072300.0,66.28089141845703
2014-08-19,73.35382080078125,72.82704162597656,72.87972259521484,73.24846649169922,958100.0,66.42420196533203
2014-08-20,73.46795654296875,72.68656921386719,73.18700408935547,73.37137603759766,1227900.0,66.5356674194336
2014-08-21,73.81036376953125,73.10798645019531,73.37137603759766,73.65232849121094,923700.0,66.79043579101562
2014-08-22,73.92449188232422,73.11676788330078,73.79280090332031,73.30113983154297,1041600.0,66.47196960449219
2014-08-25,73.69622802734375,73.10798645019531,73.42405700683594,73.41527557373047,962700.0,66.57546997070312
2014-08-26,73.95083618164062,73.23968505859375,73.39772033691406,73.59086608886719,1217300.0,66.73470306396484
2014-08-27,73.72256469726562,73.24846649169922,73.52941131591797,73.45917510986328,983200.0,66.61529541015625
2014-08-28,73.5030746459961,72.89727783203125,72.89727783203125,73.30992126464844,947900.0,66.47993469238281
2014-08-29,73.70500183105469,72.79192352294922,73.70500183105469,73.2923583984375,1773300.0,66.4639892578125
2014-09-02,73.69622802734375,73.10798645019531,73.46795654296875,73.47673034667969,1374700.0,66.63118743896484
2014-09-03,73.88937377929688,73.39772033691406,73.82791900634766,73.55574798583984,1212600.0,66.7028579711914
2014-09-04,74.13520812988281,73.42405700683594,73.45917510986328,73.58209228515625,1006500.0,66.72674560546875
2014-09-05,74.07374572753906,73.41527557373047,73.47673034667969,74.04740905761719,1367900.0,67.14871215820312
2014-09-08,74.17032623291016,73.5206298828125,73.66988372802734,73.82791900634766,980200.0,66.94967651367188
2014-09-09,73.79280090332031,73.26602172851562,73.6172103881836,73.406494140625,1140900.0,66.56749725341797
2014-09-10,73.44161224365234,72.80070495605469,73.15188598632812,73.406494140625,1457300.0,67.0056381225586
2014-09-11,73.23090362548828,72.59877014160156,73.13433074951172,73.0465316772461,1534000.0,66.67709350585938
2014-09-12,73.2045669555664,72.28270721435547,73.09921264648438,72.88849639892578,1924700.0,66.53280639648438
2014-09-15,73.406494140625,72.4758529663086,72.8182601928711,73.2748031616211,1412300.0,66.88543701171875
2014-09-16,73.36260223388672,72.48463439941406,72.48463439941406,73.23090362548828,1582600.0,66.8453598022461
2014-09-17,73.3187026977539,72.7041244506836,73.28358459472656,73.17823028564453,1625100.0,66.79728698730469
2014-09-18,74.02107238769531,73.14310455322266,73.30113983154297,73.91571807861328,1835800.0,67.47047424316406
2014-09-19,74.34591674804688,73.36260223388672,74.23178100585938,73.64354705810547,2696300.0,67.22203063964844
2014-09-22,73.5469741821289,72.66900634765625,73.23968505859375,72.94995880126953,1242100.0,66.58892059326172
2014-09-23,72.94995880126953,72.51097106933594,72.8182601928711,72.52853393554688,1246500.0,66.2042465209961
2014-09-24,73.80158233642578,72.33538055419922,72.44951629638672,73.68744659423828,1355000.0,67.26210021972656
2014-09-25,73.406494140625,72.27392578125,73.406494140625,72.30904388427734,1730200.0,66.00390625
2014-09-26,72.66022491455078,71.8173828125,72.20368957519531,72.51097106933594,1662300.0,66.1882095336914
2014-09-29,72.79192352294922,71.9139633178711,72.045654296875,72.7041244506836,1688100.0,66.3645248413086
2014-09-30,73.26602172851562,72.60755157470703,73.16944885253906,72.94117736816406,2356100.0,66.58090209960938
2014-10-01,73.08000183105469,71.41000366210938,73.02999877929688,71.41999816894531,3540300.0,65.1923599243164
2014-10-02,72.62999725341797,71.51000213623047,71.70999908447266,72.5,3008000.0,66.1781997680664
2014-10-03,75.04000091552734,73.55000305175781,73.55999755859375,74.8499984741211,4475400.0,68.32327270507812
2014-10-06,75.04000091552734,74.29000091552734,74.95999908447266,74.5199966430664,2919500.0,68.02205657958984
2014-10-07,74.5,73.4800033569336,74.33999633789062,73.5199966430664,2233300.0,67.10926055908203
2014-10-08,74.9800033569336,73.26000213623047,73.5,74.77999877929688,2078800.0,68.25939178466797
2014-10-09,74.94999694824219,73.16000366210938,74.80000305175781,73.19000244140625,1972800.0,66.80805206298828
2014-10-10,73.81999969482422,72.6500015258789,73.25,72.66000366210938,2395900.0,66.32425689697266
2014-10-13,73.12000274658203,71.93000030517578,72.81999969482422,71.94999694824219,2058700.0,65.67613983154297
2014-10-14,72.9800033569336,72.25,72.55999755859375,72.63999938964844,2088100.0,66.30598449707031
2014-10-15,72.33999633789062,70.5,72.0,71.77999877929688,2482900.0,65.5209732055664
2014-10-16,72.1500015258789,70.69000244140625,70.79000091552734,71.62999725341797,2179300.0,65.38406372070312
2014-10-17,72.9800033569336,71.51000213623047,72.51000213623047,72.68000030517578,1700400.0,66.3425064086914
2014-10-20,73.38999938964844,72.3499984741211,72.54000091552734,73.3499984741211,2125400.0,66.9540786743164
2014-10-21,74.88999938964844,73.25,73.62999725341797,74.80999755859375,1565300.0,68.28675842285156
2014-10-22,75.18000030517578,74.55999755859375,75.01000213623047,74.61000061035156,1416100.0,68.1042251586914
2014-10-23,76.19999694824219,75.22000122070312,75.75,75.44000244140625,1462300.0,68.8618392944336
2014-10-24,76.25,75.47000122070312,75.77999877929688,76.19999694824219,1131800.0,69.55557250976562
2014-10-27,76.5999984741211,75.94999694824219,76.25,76.47000122070312,1103400.0,69.80204772949219
2014-10-28,77.31999969482422,76.22000122070312,76.94000244140625,77.26000213623047,2314800.0,70.52314758300781
2014-10-29,78.0999984741211,76.93000030517578,77.08999633789062,77.91999816894531,1357100.0,71.1256103515625
2014-10-30,79.38999938964844,77.30000305175781,77.88999938964844,78.94999694824219,2113800.0,72.06576538085938
2014-10-31,81.98999786376953,79.86000061035156,80.61000061035156,81.77999877929688,3712300.0,74.64900970458984
2014-11-03,82.47000122070312,81.4800033569336,81.5,81.73999786376953,2707500.0,74.61249542236328
2014-11-04,83.36000061035156,82.0,82.3499984741211,83.1500015258789,2508300.0,75.89955139160156
2014-11-05,84.37999725341797,83.33000183105469,83.77999877929688,84.30000305175781,2325900.0,76.94927215576172
2014-11-06,85.0999984741211,84.1500015258789,84.66000366210938,84.75,2126500.0,77.36004638671875
2014-11-07,84.9800033569336,83.68000030517578,84.87000274658203,84.37999725341797,2441300.0,77.02229309082031
2014-11-10,85.27999877929688,84.05999755859375,84.30999755859375,85.12000274658203,1611400.0,77.6977767944336
2014-11-11,85.31999969482422,84.63999938964844,85.08999633789062,84.94999694824219,1267100.0,77.5425796508789
2014-11-12,85.54000091552734,84.62999725341797,84.7699966430664,85.20999908447266,1516200.0,77.77992248535156
2014-11-13,85.88999938964844,84.9800033569336,85.43000030517578,85.41000366210938,1451600.0,77.96247100830078
2014-11-14,85.52999877929688,84.45999908447266,85.41000366210938,84.75,1853100.0,77.36004638671875
2014-11-17,85.08000183105469,84.54000091552734,84.69999694824219,84.83999633789062,1531800.0,77.44218444824219
2014-11-18,85.12000274658203,84.44999694824219,84.8499984741211,84.75,1807300.0,77.36004638671875
2014-11-19,84.79000091552734,84.05999755859375,84.79000091552734,84.2699966430664,2362400.0,76.92189025878906
2014-11-20,84.41999816894531,83.5999984741211,84.27999877929688,84.12000274658203,2507400.0,76.78496551513672
2014-11-21,85.22000122070312,83.80999755859375,85.22000122070312,84.13999938964844,2692000.0,76.80320739746094
2014-11-24,84.91999816894531,84.43000030517578,84.51000213623047,84.79000091552734,2295400.0,77.39654541015625
2014-11-25,85.06999969482422,84.48999786376953,84.69000244140625,84.5199966430664,1852600.0,77.15008544921875
2014-11-26,84.95999908447266,84.36000061035156,84.72000122070312,84.86000061035156,1997100.0,77.46043395996094
2014-11-28,86.26000213623047,84.80999755859375,85.26000213623047,85.63999938964844,1267300.0,78.17243957519531
2014-12-01,86.5,85.0,85.18000030517578,86.06999969482422,2055000.0,78.56493377685547
2014-12-02,86.54000091552734,85.62000274658203,86.44999694824219,85.80000305175781,1676100.0,78.3184814453125
2014-12-03,86.0,84.98999786376953,85.48999786376953,85.94000244140625,1875800.0,78.44628143310547
2014-12-04,86.41999816894531,85.7300033569336,86.05999755859375,86.05999755859375,1550900.0,78.5557861328125
2014-12-05,85.91999816894531,85.11000061035156,85.79000091552734,85.81999969482422,1792000.0,78.33673858642578
2014-12-08,86.01000213623047,85.05000305175781,85.36000061035156,85.58999633789062,1674200.0,78.12678527832031
2014-12-09,85.58999633789062,84.36000061035156,85.18000030517578,85.26000213623047,1941400.0,77.82556915283203
2014-12-10,85.54000091552734,83.9800033569336,84.55999755859375,84.12999725341797,2024900.0,77.23798370361328
2014-12-11,85.56999969482422,84.43000030517578,85.52999877929688,84.5999984741211,1976800.0,77.66948699951172
2014-12-12,84.6500015258789,82.5,83.47000122070312,82.5,2415600.0,75.74153900146484
2014-12-15,83.41999816894531,82.04000091552734,82.80999755859375,82.77999877929688,1841700.0,75.99859619140625
2014-12-16,84.06999969482422,82.43000030517578,82.7699966430664,82.91000366210938,1986400.0,76.11795043945312
2014-12-17,84.86000061035156,82.62000274658203,82.62000274658203,84.69000244140625,1906200.0,77.75212097167969
2014-12-18,85.94000244140625,85.02999877929688,85.87000274658203,85.68000030517578,3535500.0,78.6610107421875
2014-12-19,86.1500015258789,84.66000366210938,85.44999694824219,84.70999908447266,4230500.0,77.7704849243164
2014-12-22,85.72000122070312,84.61000061035156,84.72000122070312,85.69999694824219,1672100.0,78.67937469482422
2014-12-23,86.47000122070312,85.13999938964844,86.30999755859375,85.16999816894531,2340700.0,78.19279479980469
2014-12-24,85.61000061035156,85.02999877929688,85.12999725341797,85.23999786376953,1060300.0,78.25706481933594
2014-12-26,85.91000366210938,85.12999725341797,85.56999969482422,85.19999694824219,1006300.0,78.22034454345703
2014-12-29,85.23999786376953,84.81999969482422,85.0199966430664,84.87000274658203,1242600.0,77.91737365722656
2014-12-30,84.91000366210938,84.01000213623047,84.73999786376953,84.11000061035156,1427700.0,77.21964263916016
2014-12-31,84.87000274658203,83.36000061035156,84.37999725341797,83.37000274658203,1798200.0,76.5402603149414
2015-01-02,84.18000030517578,82.5199966430664,82.9800033569336,83.29000091552734,1866600.0,76.46680450439453
2015-01-05,84.44000244140625,82.94999694824219,83.25,83.2300033569336,3270900.0,76.41173553466797
2015-01-06,83.73999786376953,81.95999908447266,83.30000305175781,82.54000091552734,2569700.0,75.77825927734375
2015-01-07,83.31999969482422,81.80000305175781,82.22000122070312,83.26000213623047,2079000.0,76.43926239013672
2015-01-08,85.18000030517578,83.63999938964844,83.95999908447266,85.16999816894531,3358700.0,78.19279479980469
2015-01-09,85.19000244140625,84.11000061035156,85.05000305175781,84.55999755859375,1751600.0,77.63275909423828
2015-01-12,85.04000091552734,83.80999755859375,84.72000122070312,84.1500015258789,1321800.0,77.25635528564453
2015-01-13,85.5,83.29000091552734,84.80000305175781,83.9800033569336,1919000.0,77.10028839111328
2015-01-14,83.98999786376953,82.97000122070312,83.08000183105469,83.73999786376953,1792200.0,76.87993621826172
2015-01-15,84.33999633789062,83.33000183105469,83.87000274658203,83.69999694824219,1434800.0,76.84321594238281
2015-01-16,84.63999938964844,83.16000366210938,83.55999755859375,84.56999969482422,2261500.0,77.64193725585938
2015-01-20,85.22000122070312,83.79000091552734,84.83000183105469,84.97000122070312,1572100.0,78.0091781616211
2015-01-21,85.1500015258789,84.0999984741211,84.55999755859375,84.55999755859375,1729500.0,77.63275909423828
2015-01-22,86.79000091552734,84.0,85.0,86.61000061035156,1980000.0,79.51484680175781
2015-01-23,87.18000030517578,86.38999938964844,86.6500015258789,86.8499984741211,2078800.0,79.73516082763672
2015-01-26,86.88999938964844,85.48999786376953,86.25,86.56999969482422,1527100.0,79.47810363769531
2015-01-27,86.44000244140625,84.77999877929688,85.70999908447266,85.62999725341797,1697300.0,78.61510467529297
2015-01-28,86.30000305175781,84.45999908447266,85.86000061035156,84.52999877929688,2137000.0,77.60523223876953
2015-01-29,84.81999969482422,83.5,84.44999694824219,84.3499984741211,2968900.0,77.43997192382812
2015-01-30,84.23999786376953,82.47000122070312,83.95999908447266,82.52999877929688,4076700.0,75.7690658569336
2015-02-02,83.5,81.70999908447266,81.81999969482422,83.44000244140625,2810200.0,76.60453033447266
2015-02-03,85.36000061035156,83.51000213623047,84.18000030517578,85.13999938964844,3443100.0,78.1652603149414
2015-02-04,87.18000030517578,85.66999816894531,87.13999938964844,86.58000183105469,3659200.0,79.48727416992188
2015-02-05,87.19000244140625,85.88999938964844,86.43000030517578,87.16999816894531,2151300.0,80.02893829345703
2015-02-06,87.3499984741211,86.2300033569336,87.1500015258789,86.44000244140625,2375000.0,79.35874938964844
2015-02-09,86.48999786376953,85.73999786376953,86.01000213623047,86.01000213623047,1700900.0,78.9639892578125
2015-02-10,86.75,85.6500015258789,86.19000244140625,86.5199966430664,2552200.0,79.43219757080078
2015-02-11,87.2300033569336,86.30000305175781,86.70999908447266,86.81999969482422,1816000.0,79.70762634277344
2015-02-12,87.79000091552734,86.9800033569336,87.19999694824219,87.75,1873000.0,80.56143951416016
2015-02-13,88.75,87.77999877929688,87.94999694824219,88.75,1936600.0,81.47950744628906
2015-02-17,88.06999969482422,86.55000305175781,87.76000213623047,87.11000061035156,3990400.0,79.97386932373047
2015-02-18,87.7300033569336,86.5999984741211,86.5999984741211,87.58999633789062,1759600.0,80.41455078125
2015-02-19,87.83000183105469,86.86000061035156,87.61000061035156,87.7300033569336,1568100.0,80.54308319091797
2015-02-20,88.75,87.04000091552734,87.80999755859375,88.69000244140625,2010900.0,81.42444610595703
2015-02-23,89.23999786376953,88.2300033569336,88.7300033569336,89.16999816894531,1801400.0,81.8651123046875
2015-02-24,89.37999725341797,88.51000213623047,89.16999816894531,89.26000213623047,1418900.0,81.94773864746094
2015-02-25,89.69999694824219,88.79000091552734,89.33000183105469,89.06999969482422,1617900.0,81.7733154296875
2015-02-26,89.25,88.61000061035156,89.19000244140625,88.83999633789062,1426300.0,81.56214141845703
2015-02-27,89.44000244140625,88.44999694824219,88.8499984741211,88.83999633789062,1815900.0,81.56214141845703
2015-03-02,90.2300033569336,88.58000183105469,88.87999725341797,90.18000030517578,1771400.0,82.79236602783203
2015-03-03,89.98999786376953,88.33000183105469,89.55000305175781,88.69999694824219,3012200.0,81.43360900878906
2015-03-04,88.30000305175781,86.5199966430664,88.25,86.58000183105469,3302700.0,79.48727416992188
2015-03-05,86.91000366210938,86.26000213623047,86.58999633789062,86.75,2728600.0,79.64336395263672
2015-03-06,86.97000122070312,85.83999633789062,86.33000183105469,86.0,2011000.0,78.95480346679688
2015-03-09,87.0,85.86000061035156,86.4000015258789,86.83999633789062,1481000.0,79.72598266601562
2015-03-10,86.30999755859375,85.1500015258789,86.05999755859375,85.1500015258789,1892500.0,78.1744384765625
2015-03-11,85.44000244140625,84.63999938964844,84.98999786376953,84.98999786376953,1721800.0,78.47915649414062
2015-03-12,86.48999786376953,85.12000274658203,85.41000366210938,86.38999938964844,1190700.0,79.77190399169922
2015-03-13,86.47000122070312,85.31999969482422,86.08999633789062,85.87999725341797,1650600.0,79.30096435546875
2015-03-16,87.52999877929688,86.19999694824219,86.5199966430664,87.3499984741211,1663800.0,80.65836334228516
2015-03-17,87.31999969482422,86.55999755859375,86.91000366210938,86.63999938964844,1985500.0,80.00274658203125
2015-03-18,87.76000213623047,85.55999755859375,86.62999725341797,87.3499984741211,1927000.0,80.65836334228516
2015-03-19,87.79000091552734,87.2699966430664,87.37999725341797,87.37000274658203,2143900.0,80.67683410644531
2015-03-20,88.01000213623047,87.4800033569336,87.80000305175781,87.7699966430664,4119100.0,81.04618835449219
2015-03-23,88.0199966430664,87.29000091552734,88.0199966430664,87.30999755859375,1592900.0,80.62142944335938
2015-03-24,87.5999984741211,86.95999908447266,87.1500015258789,86.97000122070312,1167800.0,80.30747985839844
2015-03-25,87.16000366210938,84.73999786376953,87.12999725341797,84.73999786376953,1707100.0,78.24830627441406
2015-03-26,84.7699966430664,83.91000366210938,84.26000213623047,84.41000366210938,1598900.0,77.94358825683594
2015-03-27,84.91000366210938,84.19999694824219,84.33999633789062,84.62999725341797,1423500.0,78.14673614501953
2015-03-30,86.16999816894531,84.91999816894531,84.95999908447266,85.88999938964844,1139800.0,79.3102035522461
2015-03-31,86.33999633789062,85.18000030517578,85.3499984741211,85.63999938964844,1682200.0,79.07936096191406
2015-04-01,85.7300033569336,84.33000183105469,85.7300033569336,85.26000213623047,1500100.0,78.72847747802734
2015-04-02,86.58000183105469,85.47000122070312,85.8499984741211,85.91999816894531,1699900.0,79.33790588378906
2015-04-06,86.66000366210938,85.41999816894531,85.66000366210938,86.25,1449700.0,79.64262390136719
2015-04-07,86.62999725341797,85.81999969482422,86.2300033569336,85.86000061035156,1039600.0,79.28250885009766
2015-04-08,86.69999694824219,85.52999877929688,85.69000244140625,86.56999969482422,1328500.0,79.93811798095703
2015-04-09,86.73999786376953,85.66999816894531,86.44999694824219,86.5999984741211,1155400.0,79.96581268310547
2015-04-10,86.79000091552734,86.16000366210938,86.76000213623047,86.33999633789062,1857500.0,79.72574615478516
2015-04-13,86.69999694824219,85.76000213623047,86.12000274658203,85.91999816894531,1331700.0,79.33790588378906
2015-04-14,86.13999938964844,85.19999694824219,85.73999786376953,85.62000274658203,1366700.0,79.0608901977539
2015-04-15,86.08000183105469,85.61000061035156,85.9000015258789,85.76000213623047,1481200.0,79.19017028808594
2015-04-16,85.75,85.25,85.55999755859375,85.37999725341797,1463400.0,78.83927917480469
2015-04-17,85.01000213623047,83.30000305175781,84.63999938964844,83.52999877929688,1965600.0,77.13098907470703
2015-04-20,84.91000366210938,83.5999984741211,83.83999633789062,84.80000305175781,1409200.0,78.30371856689453
2015-04-21,86.12000274658203,84.80000305175781,85.16000366210938,85.0999984741211,1552500.0,78.58072662353516
2015-04-22,85.48999786376953,84.61000061035156,85.13999938964844,85.30999755859375,993600.0,78.77462768554688
2015-04-23,86.0999984741211,85.0199966430664,85.12000274658203,85.7699966430664,1000100.0,79.19940948486328
2015-04-24,85.6500015258789,84.31999969482422,85.6500015258789,85.0,1187100.0,78.4883804321289
2015-04-27,85.45999908447266,84.5199966430664,85.41999816894531,84.69999694824219,1467000.0,78.21137237548828
2015-04-28,85.6500015258789,84.37000274658203,84.80000305175781,85.61000061035156,1639400.0,79.05165100097656
2015-04-29,85.94000244140625,84.76000213623047,85.08000183105469,85.38999938964844,1914600.0,78.84850311279297
2015-04-30,86.0,84.31999969482422,85.22000122070312,84.54000091552734,2194400.0,78.06362915039062
2015-05-01,86.27999877929688,84.5199966430664,84.52999877929688,86.02999877929688,2086000.0,79.43948364257812
2015-05-04,86.98999786376953,86.12000274658203,86.45999908447266,86.5,1992500.0,79.87346649169922
2015-05-05,86.55999755859375,85.1500015258789,86.55999755859375,85.61000061035156,1534400.0,79.05165100097656
2015-05-06,86.16999816894531,84.79000091552734,85.72000122070312,85.41000366210938,1610400.0,78.86697387695312
2015-05-07,86.58999633789062,84.9800033569336,85.62000274658203,86.30000305175781,1656300.0,79.68879699707031
2015-05-08,87.80999755859375,86.7699966430664,86.81999969482422,87.3499984741211,1465100.0,80.65836334228516
2015-05-11,87.72000122070312,87.05999755859375,87.27999877929688,87.20999908447266,1701300.0,80.52906799316406
2015-05-12,87.19999694824219,85.8499984741211,86.83999633789062,86.76000213623047,1549800.0,80.11355590820312
2015-05-13,87.26000213623047,86.19999694824219,86.6500015258789,86.30999755859375,1950000.0,79.69803619384766
2015-05-14,88.02999877929688,86.5199966430664,86.97000122070312,87.98999786376953,1892400.0,81.24933624267578
2015-05-15,88.4000015258789,87.51000213623047,88.25,87.7699966430664,1606300.0,81.04618835449219
2015-05-18,87.80999755859375,87.01000213623047,87.37000274658203,87.4800033569336,1591200.0,80.77840423583984
2015-05-19,88.12000274658203,87.41999816894531,87.80000305175781,87.9000015258789,1875700.0,81.16625213623047
2015-05-20,88.05999755859375,87.41999816894531,88.05999755859375,87.43000030517578,1767700.0,80.73223114013672
2015-05-21,87.62000274658203,87.08000183105469,87.36000061035156,87.2699966430664,1517400.0,80.58447265625
2015-05-22,87.44000244140625,86.80999755859375,87.19000244140625,86.81999969482422,1498400.0,80.16896057128906
2015-05-26,86.81999969482422,85.22000122070312,86.55000305175781,85.41999816894531,1867600.0,78.87620544433594
2015-05-27,86.02999877929688,85.27999877929688,85.45999908447266,85.91000366210938,2017400.0,79.32868194580078
2015-05-28,86.29000091552734,85.62000274658203,85.87000274658203,85.97000122070312,1297500.0,79.38407897949219
2015-05-29,86.0,85.08000183105469,85.95999908447266,85.51000213623047,2185000.0,78.95932006835938
2015-06-01,85.9800033569336,84.51000213623047,85.69999694824219,85.30000305175781,1617500.0,78.7654037475586
2015-06-02,85.68000030517578,84.33999633789062,84.7699966430664,85.44999694824219,2033000.0,78.90391540527344
2015-06-03,85.87999725341797,85.12000274658203,85.7699966430664,85.47000122070312,1738400.0,78.92237091064453
2015-06-04,85.31999969482422,83.93000030517578,84.93000030517578,84.08000183105469,1689600.0,77.63887023925781
2015-06-05,84.56999969482422,83.2300033569336,84.0999984741211,84.26000213623047,1353900.0,77.80509185791016
2015-06-08,84.48999786376953,83.41000366210938,83.94000244140625,83.5,1531900.0,77.1032943725586
2015-06-09,83.5999984741211,82.86000061035156,83.37000274658203,83.16000366210938,1569500.0,76.78935241699219
2015-06-10,84.63999938964844,82.83999633789062,82.95999908447266,84.18000030517578,1625400.0,78.19193267822266
2015-06-11,84.88999938964844,84.19999694824219,84.5,84.62000274658203,1438400.0,78.60063934326172
2015-06-12,84.44999694824219,83.6500015258789,84.1500015258789,83.8499984741211,1144600.0,77.88540649414062
2015-06-15,83.44999694824219,82.43000030517578,83.25,82.91999816894531,1679700.0,77.02156066894531
2015-06-16,83.41000366210938,82.5199966430664,82.83999633789062,83.27999877929688,1499900.0,77.35595703125
2015-06-17,83.75,82.7699966430664,83.61000061035156,83.27999877929688,1134600.0,77.35595703125
2015-06-18,84.80000305175781,83.37000274658203,83.62000274658203,84.58000183105469,1556500.0,78.5634765625
2015-06-19,84.68000030517578,83.93000030517578,84.44999694824219,84.41000366210938,2906400.0,78.40557098388672
2015-06-22,85.45999908447266,84.61000061035156,84.61000061035156,85.0,1400900.0,78.9535903930664
2015-06-23,85.29000091552734,84.52999877929688,85.29000091552734,84.7699966430664,957800.0,78.73995971679688
2015-06-24,84.76000213623047,83.5999984741211,84.63999938964844,83.62999725341797,1548300.0,77.68104553222656
2015-06-25,83.88999938964844,83.22000122070312,83.70999908447266,83.3499984741211,1200100.0,77.42096710205078
2015-06-26,83.83999633789062,83.02999877929688,83.77999877929688,83.30999755859375,2889800.0,77.38381958007812
2015-06-29,82.80000305175781,80.8499984741211,82.80000305175781,80.91000366210938,1774200.0,75.15455627441406
2015-06-30,81.66000366210938,79.80000305175781,81.38999938964844,80.2300033569336,2688800.0,74.52291107177734
2015-07-01,81.19000244140625,79.51000213623047,79.51000213623047,80.88999938964844,1821000.0,75.1359634399414
2015-07-02,81.26000213623047,80.3499984741211,81.2300033569336,80.83000183105469,1792000.0,75.08023071289062
2015-07-06,80.94000244140625,80.0,80.0,80.83000183105469,1503600.0,75.08023071289062
2015-07-07,81.23999786376953,79.8499984741211,80.97000122070312,81.06999969482422,1747600.0,75.30315399169922
2015-07-08,80.80000305175781,79.9800033569336,80.72000122070312,80.02999877929688,1615800.0,74.337158203125
2015-07-09,81.41000366210938,80.6500015258789,81.1500015258789,80.69000244140625,1587000.0,74.9501953125
2015-07-10,81.87000274658203,81.08000183105469,81.86000061035156,81.5199966430664,1371100.0,75.72114562988281
2015-07-13,82.30000305175781,81.63999938964844,81.8499984741211,81.7300033569336,1337700.0,75.91621398925781
2015-07-14,82.01000213623047,81.4800033569336,81.72000122070312,81.88999938964844,1387100.0,76.0648193359375
2015-07-15,82.56999969482422,81.5,81.94999694824219,82.5,2390600.0,76.63143920898438
2015-07-16,83.04000091552734,82.31999969482422,82.88999938964844,82.9000015258789,1545800.0,77.00299072265625
2015-07-17,83.01000213623047,82.25,83.01000213623047,82.38999938964844,1846400.0,76.52926635742188
2015-07-20,82.38999938964844,81.91999816894531,82.26000213623047,82.16999816894531,1522500.0,76.32491302490234
2015-07-21,82.27999877929688,81.12999725341797,82.18000030517578,81.41000366210938,1964300.0,75.61898040771484
2015-07-22,82.11000061035156,81.45999908447266,81.62999725341797,81.69000244140625,1529100.0,75.87906646728516
2015-07-23,81.52999877929688,80.72000122070312,81.41999816894531,80.94000244140625,1368600.0,75.18240356445312
2015-07-24,81.05000305175781,79.66999816894531,81.02999877929688,79.77999877929688,1935600.0,74.10491180419922
2015-07-27,79.95999908447266,79.22000122070312,79.61000061035156,79.72000122070312,1649800.0,74.04917907714844
2015-07-28,80.69000244140625,79.41000366210938,79.76000213623047,80.58000183105469,1540100.0,74.84801483154297
2015-07-29,82.51000213623047,80.37999725341797,80.44999694824219,82.33999633789062,2744700.0,76.48282623291016
2015-07-30,81.9800033569336,78.36000061035156,80.0,80.12999725341797,4688100.0,74.4300308227539
2015-07-31,80.55000305175781,79.30999755859375,80.19999694824219,79.7699966430664,2984000.0,74.09562683105469
2015-08-03,80.12999725341797,78.51000213623047,78.58999633789062,80.11000061035156,2291300.0,74.41145324707031
2015-08-04,81.38999938964844,80.13999938964844,80.54000091552734,80.68000030517578,2749300.0,74.94090270996094
2015-08-05,82.06999969482422,81.0,81.77999877929688,81.83999633789062,1963200.0,76.01838684082031
2015-08-06,81.87999725341797,80.08000183105469,81.77999877929688,80.30000305175781,1505400.0,74.58793640136719
2015-08-07,80.45999908447266,79.70999908447266,80.18000030517578,80.29000091552734,1161900.0,74.57865142822266
2015-08-10,81.95999908447266,81.0,81.01000213623047,81.5999984741211,2032100.0,75.79545593261719
2015-08-11,81.9000015258789,80.75,81.26000213623047,81.33000183105469,1925300.0,75.54464721679688
2015-08-12,81.69999694824219,80.1500015258789,80.73999786376953,81.55000305175781,1871300.0,75.7490234375
2015-08-13,82.98999786376953,81.31999969482422,81.5199966430664,82.44999694824219,2000800.0,76.58499145507812
2015-08-14,83.16999816894531,81.94000244140625,82.16000366210938,82.98999786376953,1936500.0,77.0865707397461
2015-08-17,84.7699966430664,82.58000183105469,82.81999969482422,84.69999694824219,3366600.0,78.67495727539062
2015-08-18,85.1500015258789,84.08000183105469,84.31999969482422,84.69000244140625,2615300.0,78.6656723022461
2015-08-19,85.20999908447266,84.05000305175781,84.38999938964844,84.47000122070312,1874300.0,78.4613037109375
2015-08-20,84.01000213623047,82.70999908447266,83.70999908447266,82.70999908447266,2275400.0,76.82649993896484
2015-08-21,82.33000183105469,79.2300033569336,81.83999633789062,79.2300033569336,3103900.0,73.59404754638672
2015-08-24,77.77999877929688,64.29000091552734,75.20999908447266,76.27999877929688,6545600.0,70.85388946533203
2015-08-25,78.61000061035156,73.44999694824219,78.5,73.5199966430664,3565100.0,68.29022979736328
2015-08-26,77.88999938964844,74.95999908447266,75.62000274658203,77.80000305175781,4492900.0,72.2657699584961
2015-08-27,78.87000274658203,76.47000122070312,78.31999969482422,78.02999877929688,3004600.0,72.47940826416016
2015-08-28,78.80000305175781,77.75,77.76000213623047,78.41000366210938,2596700.0,72.8323745727539
2015-08-31,78.4000015258789,77.11000061035156,77.86000061035156,77.31999969482422,2355100.0,71.81990814208984
2015-09-01,76.11000061035156,74.66000366210938,75.45999908447266,75.0999984741211,2658300.0,69.75784301757812
2015-09-02,77.11000061035156,75.44999694824219,76.44999694824219,77.08999633789062,2689100.0,71.60626983642578
2015-09-03,78.08999633789062,77.0199966430664,77.0999984741211,77.55000305175781,1952100.0,72.03355407714844
2015-09-04,76.9000015258789,75.7300033569336,76.23999786376953,76.1500015258789,1858800.0,70.73314666748047
2015-09-08,78.25,77.0199966430664,77.33999633789062,78.19999694824219,1764400.0,72.63731384277344
2015-09-09,78.97000122070312,77.33000183105469,78.48999786376953,77.51000213623047,3015900.0,72.45037078857422
2015-09-10,78.77999877929688,77.08000183105469,77.0999984741211,77.91999816894531,2214600.0,72.8335952758789
2015-09-11,78.37000274658203,77.20999908447266,77.27999877929688,78.30999755859375,1508900.0,73.1981430053711
2015-09-14,78.73999786376953,77.56999969482422,78.4800033569336,77.76000213623047,1411300.0,72.68404388427734
2015-09-15,79.29000091552734,77.69999694824219,77.91999816894531,78.88999938964844,1706300.0,73.74028015136719
2015-09-16,79.80000305175781,78.76000213623047,78.93000030517578,79.58999633789062,1739600.0,74.39459228515625
2015-09-17,80.66999816894531,79.20999908447266,79.68000030517578,79.43000030517578,2013100.0,74.24504089355469
2015-09-18,79.98999786376953,78.54000091552734,78.55999755859375,79.01000213623047,3828800.0,73.85245513916016
2015-09-21,80.37999725341797,79.05999755859375,79.37999725341797,79.9000015258789,1671200.0,74.68436431884766
2015-09-22,79.30999755859375,78.19000244140625,78.44000244140625,79.19000244140625,1753100.0,74.02069854736328
2015-09-23,79.77999877929688,78.87000274658203,79.36000061035156,79.37000274658203,1157600.0,74.18895721435547
2015-09-24,79.87000274658203,78.12000274658203,78.61000061035156,79.58000183105469,1793900.0,74.38526153564453
2015-09-25,81.47000122070312,79.37000274658203,80.44000244140625,80.30000305175781,2231800.0,75.05825805664062
2015-09-28,80.43000030517578,78.52999877929688,79.9800033569336,78.62000274658203,1835800.0,73.48790740966797
2015-09-29,79.27999877929688,78.30000305175781,78.55999755859375,79.08999633789062,2046200.0,73.92723083496094
2015-09-30,80.43000030517578,79.29000091552734,80.13999938964844,80.36000061035156,2667600.0,75.11434173583984
2015-10-01,81.18000030517578,80.0,80.91000366210938,80.88999938964844,2209100.0,75.60973358154297
2015-10-02,81.37999725341797,78.73999786376953,79.80000305175781,81.36000061035156,2738100.0,76.04906463623047
2015-10-05,83.02999877929688,81.88999938964844,82.19999694824219,82.69999694824219,1904600.0,77.30157470703125
2015-10-06,82.91000366210938,82.2300033569336,82.45999908447266,82.44000244140625,1860700.0,77.05854797363281
2015-10-07,83.86000061035156,82.58999633789062,82.58999633789062,83.6500015258789,1717700.0,78.18958282470703
2015-10-08,85.44000244140625,83.22000122070312,83.55999755859375,85.12000274658203,2131300.0,79.5636215209961
2015-10-09,85.98999786376953,84.9800033569336,85.36000061035156,85.23999786376953,2190100.0,79.67578887939453
2015-10-12,85.7699966430664,85.02999877929688,85.02999877929688,85.68000030517578,1045300.0,80.08705139160156
2015-10-13,85.70999908447266,84.87000274658203,85.20999908447266,85.16000366210938,1402300.0,79.60100555419922
2015-10-14,85.9000015258789,84.94000244140625,85.30000305175781,85.13999938964844,1227600.0,79.58230590820312
2015-10-15,85.97000122070312,84.93000030517578,85.62000274658203,85.97000122070312,1233900.0,80.3581314086914
2015-10-16,86.9800033569336,85.91999816894531,86.30000305175781,86.69000244140625,1844500.0,81.03113555908203
2015-10-19,87.5999984741211,86.5,86.56999969482422,87.30000305175781,1439200.0,81.601318359375
2015-10-20,87.62000274658203,86.94999694824219,87.05999755859375,87.41999816894531,1301900.0,81.71346282958984
2015-10-21,88.4800033569336,87.31999969482422,87.69999694824219,87.44999694824219,1607900.0,81.74150848388672
2015-10-22,89.81999969482422,87.72000122070312,87.93000030517578,89.69000244140625,2104400.0,83.8353042602539
2015-10-23,90.5999984741211,89.68000030517578,90.0,90.52999877929688,1833000.0,84.6204605102539
2015-10-26,90.66999816894531,89.7300033569336,90.2300033569336,90.11000061035156,2297400.0,84.22789001464844
2015-10-27,90.37999725341797,89.08999633789062,90.11000061035156,90.33000183105469,2031600.0,84.43350219726562
2015-10-28,89.25,86.9000015258789,88.31999969482422,87.91000366210938,3400800.0,82.1714859008789
2015-10-29,88.52999877929688,86.56999969482422,87.91000366210938,88.36000061035156,2448900.0,82.59211730957031
2015-10-30,88.6500015258789,86.95999908447266,88.36000061035156,86.98999786376953,3040200.0,81.3115463256836
2015-11-02,87.45999908447266,86.44000244140625,86.98999786376953,86.98999786376953,1903700.0,81.3115463256836
2015-11-03,87.19999694824219,86.47000122070312,86.87999725341797,86.7300033569336,1706100.0,81.06851959228516
2015-11-04,87.38999938964844,86.83000183105469,87.16000366210938,86.95999908447266,1593100.0,81.28350830078125
2015-11-05,87.38999938964844,86.5,87.30999755859375,86.9800033569336,1311700.0,81.30221557617188
2015-11-06,87.87999725341797,86.25,86.70999908447266,87.62999725341797,1686000.0,81.90975952148438
2015-11-09,87.19999694824219,86.19999694824219,87.04000091552734,86.76000213623047,1369800.0,81.0965576171875
2015-11-10,87.30000305175781,86.30999755859375,86.47000122070312,86.94999694824219,1547200.0,81.27415466308594
2015-11-11,87.94999694824219,86.80000305175781,87.37999725341797,87.18000030517578,1214700.0,81.48914337158203
2015-11-12,87.36000061035156,86.20999908447266,87.0,86.22000122070312,1189100.0,80.59180450439453
2015-11-13,86.66999816894531,85.0,85.87000274658203,85.05000305175781,1289400.0,79.49818420410156
2015-11-16,86.54000091552734,85.05999755859375,85.16000366210938,86.5199966430664,1133600.0,80.87222290039062
2015-11-17,86.62999725341797,85.58000183105469,86.44999694824219,85.88999938964844,1419300.0,80.2833480834961
2015-11-18,86.55000305175781,85.44999694824219,86.27999877929688,86.5,1390800.0,80.85352325439453
2015-11-19,86.7300033569336,86.26000213623047,86.61000061035156,86.38999938964844,1059400.0,80.75071716308594
2015-11-20,87.6500015258789,86.48999786376953,86.94000244140625,87.29000091552734,1800300.0,81.59196472167969
2015-11-23,87.62999725341797,87.0,87.26000213623047,87.3499984741211,1174400.0,81.6480484008789
2015-11-24,87.25,85.87999725341797,86.98999786376953,86.70999908447266,1100700.0,81.04983520507812
2015-11-25,86.87999725341797,86.36000061035156,86.73999786376953,86.41000366210938,752300.0,80.7694091796875
2015-11-27,87.04000091552734,86.2300033569336,86.4800033569336,86.69000244140625,488800.0,81.03113555908203
2015-11-30,87.08000183105469,86.18000030517578,86.97000122070312,86.26000213623047,2379400.0,80.62919616699219
2015-12-01,87.97000122070312,86.48999786376953,86.80999755859375,87.55999755859375,1391900.0,81.8443374633789
2015-12-02,87.9000015258789,86.80999755859375,87.33000183105469,86.91000366210938,1586400.0,81.23677062988281
2015-12-03,87.13999938964844,84.94000244140625,86.95999908447266,85.26000213623047,1584300.0,79.6944808959961
2015-12-04,87.54000091552734,85.44000244140625,85.44000244140625,87.43000030517578,1531100.0,81.72282409667969
2015-12-07,87.37000274658203,86.22000122070312,87.05000305175781,86.5999984741211,1295500.0,80.94700622558594
2015-12-08,86.66999816894531,85.37000274658203,85.77999877929688,86.31999969482422,1659800.0,80.6852798461914
2015-12-09,86.61000061035156,84.4800033569336,85.6500015258789,84.94999694824219,1486500.0,79.89525604248047
2015-12-10,86.30000305175781,84.69999694824219,85.08000183105469,85.45999908447266,1745000.0,80.37490844726562
2015-12-11,84.91000366210938,83.13999938964844,84.29000091552734,83.33000183105469,1945400.0,78.37165832519531
2015-12-14,84.7300033569336,83.23999786376953,83.66000366210938,84.5999984741211,1528500.0,79.56608581542969
2015-12-15,86.06999969482422,84.91000366210938,85.30999755859375,85.47000122070312,1830700.0,80.38432312011719
2015-12-16,86.36000061035156,84.7300033569336,86.05999755859375,86.19999694824219,1535100.0,81.07086944580078
2015-12-17,86.7300033569336,84.76000213623047,86.29000091552734,84.80999755859375,1756200.0,79.76358032226562
2015-12-18,84.68000030517578,83.20999908447266,84.12999725341797,83.27999877929688,3879400.0,78.32462310791016
2015-12-21,84.19000244140625,83.27999877929688,83.80999755859375,84.13999938964844,1432800.0,79.13345336914062
2015-12-22,85.2300033569336,83.66000366210938,84.76000213623047,84.86000061035156,1772400.0,79.81062316894531
2015-12-23,85.95999908447266,84.86000061035156,85.38999938964844,85.7300033569336,1056600.0,80.62885284423828
2015-12-24,86.31999969482422,85.66000366210938,85.91999816894531,85.94000244140625,640200.0,80.82636260986328
2015-12-28,85.91999816894531,85.0199966430664,85.44999694824219,85.75,968000.0,80.64765930175781
2015-12-29,87.25,86.44000244140625,86.5,86.83999633789062,975400.0,81.67279052734375
2015-12-30,87.0999984741211,86.33000183105469,86.73999786376953,86.37999725341797,744400.0,81.24016571044922
2015-12-31,86.33999633789062,84.55000305175781,85.77999877929688,84.72000122070312,1420100.0,79.67894744873047
2016-01-04,83.19000244140625,81.25,82.93000030517578,82.06999969482422,2246300.0,77.18663024902344
2016-01-05,83.20999908447266,81.81999969482422,82.66000366210938,82.2699966430664,2036700.0,77.37472534179688
2016-01-06,81.70999908447266,80.87999725341797,81.08000183105469,81.26000213623047,1511000.0,76.42481994628906
2016-01-07,80.3499984741211,78.45999908447266,79.63999938964844,78.77999877929688,5031300.0,74.0923843383789
2016-01-08,79.25,77.80000305175781,78.93000030517578,78.12999725341797,2487000.0,73.4810562133789
2016-01-11,79.02999877929688,77.70999908447266,78.44999694824219,78.51000213623047,2127300.0,73.83846282958984
2016-01-12,79.5,78.44000244140625,78.86000061035156,79.47000122070312,1975200.0,74.7413330078125
2016-01-13,79.80000305175781,77.12000274658203,79.33999633789062,77.33999633789062,1860000.0,72.73806762695312
2016-01-14,79.51000213623047,77.5,77.5999984741211,78.98999786376953,2864100.0,74.2898941040039
2016-01-15,78.4000015258789,76.6500015258789,76.83999633789062,77.91999816894531,2967800.0,73.2835693359375
2016-01-19,79.45999908447266,78.26000213623047,78.91999816894531,79.11000061035156,2523000.0,74.40276336669922
2016-01-20,79.04000091552734,76.9000015258789,78.08999633789062,78.22000122070312,3056500.0,73.56571197509766
2016-01-21,79.9800033569336,77.7699966430664,78.69000244140625,79.25,2672400.0,74.53441619873047
2016-01-22,81.18000030517578,79.81999969482422,80.83000183105469,81.11000061035156,1940200.0,76.28375244140625
2016-01-25,81.01000213623047,79.98999786376953,80.37000274658203,80.08999633789062,1798500.0,75.32444763183594
2016-01-26,81.44999694824219,80.05000305175781,80.08999633789062,80.88999938964844,1664500.0,76.07683563232422
2016-01-27,81.83000183105469,79.88999938964844,80.9800033569336,80.4800033569336,1719700.0,75.69123840332031
2016-01-28,81.5199966430664,80.48999786376953,81.0,80.75,2015100.0,75.94518280029297
2016-01-29,83.12000274658203,81.16999816894531,81.5199966430664,83.08999633789062,2836400.0,78.14592742919922
2016-02-01,83.41999816894531,80.54000091552734,80.72000122070312,82.97000122070312,2837500.0,78.0330810546875
2016-02-02,82.94999694824219,81.69999694824219,82.7300033569336,82.16999816894531,3690300.0,77.28067779541016
2016-02-03,83.23999786376953,80.80999755859375,83.12000274658203,82.1500015258789,3047800.0,77.2618637084961
2016-02-04,82.9000015258789,81.55000305175781,82.02999877929688,82.80000305175781,1813800.0,77.8731918334961
2016-02-05,82.98999786376953,80.94000244140625,82.80000305175781,81.30999755859375,2248300.0,76.47185516357422
2016-02-08,81.5,78.9800033569336,80.4000015258789,81.25,2347000.0,76.41542053222656
2016-02-09,81.83000183105469,80.3499984741211,80.94999694824219,80.66999816894531,2246200.0,75.86994171142578
2016-02-10,82.56999969482422,80.58999633789062,81.81999969482422,80.83000183105469,1872500.0,76.02040100097656
2016-02-11,80.55000305175781,79.08000183105469,79.37999725341797,80.20999908447266,2842400.0,75.43730926513672
2016-02-12,81.87999725341797,80.56999969482422,81.2699966430664,81.73999786376953,1518700.0,76.87625885009766
2016-02-16,84.0199966430664,82.58999633789062,83.05000305175781,83.77999877929688,2065400.0,78.79487609863281
2016-02-17,85.44000244140625,83.9000015258789,84.18000030517578,85.33000183105469,1907800.0,80.25264739990234
2016-02-18,85.69999694824219,84.76000213623047,85.4800033569336,84.91000366210938,1563100.0,79.8576431274414
2016-02-19,85.69000244140625,84.38999938964844,84.81999969482422,85.55999755859375,2065300.0,80.46896362304688
2016-02-22,86.76000213623047,85.94999694824219,85.98999786376953,86.4000015258789,1618600.0,81.25898742675781
2016-02-23,86.4800033569336,84.69000244140625,86.12000274658203,84.8499984741211,1863500.0,79.80121612548828
2016-02-24,85.47000122070312,83.08999633789062,83.91999816894531,85.26000213623047,1727200.0,80.18681335449219
2016-02-25,86.12000274658203,84.83000183105469,86.11000061035156,85.91999816894531,1418200.0,80.80754852294922
2016-02-26,86.56999969482422,85.22000122070312,86.54000091552734,85.66000366210938,1403000.0,80.5630111694336
2016-02-29,86.04000091552734,84.66999816894531,85.41000366210938,84.69000244140625,1925500.0,79.6507339477539
2016-03-01,86.7699966430664,85.26000213623047,85.62000274658203,86.7699966430664,1579900.0,81.60696411132812
2016-03-02,86.37000274658203,85.01000213623047,86.36000061035156,85.6500015258789,2059300.0,80.5536117553711
2016-03-03,85.72000122070312,84.8499984741211,84.8499984741211,85.6500015258789,1700500.0,80.5536117553711
2016-03-04,86.36000061035156,85.33000183105469,85.91000366210938,86.19000244140625,1582700.0,81.06148529052734
2016-03-07,86.45999908447266,85.4800033569336,85.4800033569336,86.08999633789062,1400000.0,80.96742248535156
2016-03-08,86.13999938964844,85.05000305175781,85.5999984741211,85.48999786376953,1758100.0,80.40312194824219
2016-03-09,85.7699966430664,85.02999877929688,85.33000183105469,85.72000122070312,1636300.0,81.12236022949219
2016-03-10,86.75,84.36000061035156,86.20999908447266,85.19999694824219,1528400.0,80.63026428222656
2016-03-11,87.48999786376953,85.66999816894531,86.30999755859375,87.2699966430664,1863300.0,82.5892333984375
2016-03-14,87.44000244140625,86.56999969482422,86.80999755859375,87.2699966430664,1312000.0,82.5892333984375
2016-03-15,87.33999633789062,86.41000366210938,86.55000305175781,87.31999969482422,1194500.0,82.63655853271484
2016-03-16,87.87999725341797,86.70999908447266,86.98999786376953,87.66000366210938,1088000.0,82.95832061767578
2016-03-17,89.08999633789062,87.62000274658203,87.76000213623047,88.83999633789062,1481800.0,84.07501983642578
2016-03-18,89.23999786376953,88.0199966430664,89.23999786376953,88.63999938964844,3207900.0,83.8857421875
2016-03-21,89.33000183105469,88.13999938964844,88.20999908447266,89.01000213623047,1575200.0,84.23592376708984
2016-03-22,89.01000213623047,88.41000366210938,88.79000091552734,88.63999938964844,1215600.0,83.8857421875
2016-03-23,88.79000091552734,88.20999908447266,88.55999755859375,88.52999877929688,1189100.0,83.78164672851562
2016-03-24,88.7699966430664,87.7699966430664,88.2300033569336,88.75,1035400.0,83.98985290527344
2016-03-28,88.95999908447266,88.2300033569336,88.80000305175781,88.30000305175781,1325100.0,83.5639877319336
2016-03-29,89.45999908447266,88.25,88.41999816894531,89.43000030517578,1711500.0,84.63337707519531
2016-03-30,89.77999877929688,89.05999755859375,89.70999908447266,89.1500015258789,1506800.0,84.36840057373047
2016-03-31,90.0,89.06999969482422,89.06999969482422,89.70999908447266,1482400.0,84.89836120605469
2016-04-01,90.37000274658203,88.73999786376953,88.73999786376953,90.26000213623047,1626500.0,85.41886901855469
2016-04-04,90.4000015258789,89.47000122070312,90.08000183105469,89.70999908447266,1179100.0,84.89836120605469
2016-04-05,90.69000244140625,89.4000015258789,90.69000244140625,89.75,1783700.0,84.93622589111328
2016-04-06,90.94000244140625,89.33999633789062,89.69000244140625,90.83999633789062,1883700.0,85.9677505493164
2016-04-07,90.44999694824219,89.41000366210938,90.06999969482422,89.80000305175781,1655300.0,84.98353576660156
2016-04-08,90.68000030517578,89.94000244140625,90.31999969482422,90.33000183105469,1086700.0,85.48511505126953
2016-04-11,90.98999786376953,89.69000244140625,90.94999694824219,89.70999908447266,1561600.0,84.89836120605469
2016-04-12,90.16000366210938,89.41000366210938,89.93000030517578,90.11000061035156,1503800.0,85.27690124511719
2016-04-13,90.54000091552734,89.69999694824219,90.54000091552734,90.23999786376953,1663500.0,85.39993286132812
2016-04-14,90.6500015258789,89.95999908447266,90.52999877929688,90.26000213623047,1802500.0,85.41886901855469
2016-04-15,90.83000183105469,89.75,90.83000183105469,90.1500015258789,1750800.0,85.31477355957031
2016-04-18,90.76000213623047,89.70999908447266,89.95999908447266,90.69999694824219,1299400.0,85.83524322509766
2016-04-19,91.0,90.2699966430664,91.0,90.73999786376953,1910600.0,85.87310791015625
2016-04-20,90.79000091552734,90.0999984741211,90.68000030517578,90.12000274658203,1898900.0,85.28638458251953
2016-04-21,90.70999908447266,89.2300033569336,90.62000274658203,89.3499984741211,1538900.0,84.55767059326172
2016-04-22,89.80999755859375,88.88999938964844,89.11000061035156,89.6500015258789,1413800.0,84.84158325195312
2016-04-25,89.62999725341797,89.0,89.54000091552734,89.58000183105469,1143200.0,84.77533721923828
2016-04-26,90.33000183105469,89.31999969482422,89.81999969482422,89.79000091552734,1631900.0,84.97406768798828
2016-04-27,90.44999694824219,89.61000061035156,89.7300033569336,90.12000274658203,2406500.0,85.28638458251953
2016-04-28,90.88999938964844,87.4000015258789,87.83999633789062,89.0999984741211,2953700.0,84.32108306884766
2016-04-29,88.88999938964844,87.7699966430664,88.4000015258789,88.44000244140625,2293000.0,83.69647979736328
2016-05-02,89.5999984741211,88.20999908447266,88.23999786376953,89.43000030517578,2228300.0,84.63337707519531
2016-05-03,89.48999786376953,87.8499984741211,89.19000244140625,88.80999755859375,3258700.0,84.04662322998047
2016-05-04,88.73999786376953,87.87000274658203,88.31999969482422,88.38999938964844,1192800.0,83.64916229248047
2016-05-05,87.91000366210938,86.27999877929688,86.66999816894531,86.44999694824219,5092700.0,81.8132095336914
2016-05-06,87.12000274658203,86.08999633789062,86.13999938964844,86.8499984741211,4489300.0,82.1917495727539
2016-05-09,87.69000244140625,86.7699966430664,87.1500015258789,87.16000366210938,3340900.0,82.48513793945312
2016-05-10,88.52999877929688,87.16000366210938,87.43000030517578,88.5,4131800.0,83.75325775146484
2016-05-11,88.48999786376953,86.66000366210938,88.19000244140625,86.66999816894531,1954800.0,82.02140045166016
2016-05-12,87.30999755859375,86.11000061035156,87.30999755859375,86.54000091552734,1692600.0,81.89838409423828
2016-05-13,86.87000274658203,85.73999786376953,86.41999816894531,85.76000213623047,1862000.0,81.16021728515625
2016-05-16,87.0,85.9000015258789,86.02999877929688,86.69999694824219,1731600.0,82.0498046875
2016-05-17,86.8499984741211,85.08999633789062,86.33000183105469,85.3499984741211,1508500.0,80.77220916748047
2016-05-18,86.01000213623047,84.91000366210938,85.27999877929688,85.5999984741211,1272800.0,81.0087890625
2016-05-19,85.26000213623047,84.36000061035156,84.76000213623047,85.13999938964844,1493900.0,80.57347106933594
2016-05-20,86.08000183105469,85.29000091552734,85.45999908447266,85.47000122070312,1382000.0,80.88577270507812
2016-05-23,85.69999694824219,85.19999694824219,85.48999786376953,85.25,1070100.0,80.67758178710938
2016-05-24,87.48999786376953,85.86000061035156,85.98999786376953,87.45999908447266,2163300.0,82.76904296875
2016-05-25,88.01000213623047,87.43000030517578,87.66999816894531,87.5199966430664,1405100.0,82.82581329345703
2016-05-26,87.93000030517578,87.08999633789062,87.38999938964844,87.69999694824219,1040600.0,82.99615478515625
2016-05-27,88.08000183105469,87.52999877929688,87.73999786376953,88.04000091552734,1078000.0,83.31791687011719
2016-05-31,88.37000274658203,87.33000183105469,88.37000274658203,87.83999633789062,2035500.0,83.128662109375
2016-06-01,88.18000030517578,87.44999694824219,87.5999984741211,88.12000274658203,1685800.0,83.39364624023438
2016-06-02,88.12000274658203,87.51000213623047,88.04000091552734,88.08999633789062,1092300.0,83.36524963378906
2016-06-03,87.6500015258789,86.72000122070312,87.6500015258789,87.33000183105469,1399900.0,82.64600372314453
2016-06-06,88.0,87.36000061035156,87.5199966430664,87.69000244140625,1392200.0,82.98670959472656
2016-06-07,87.97000122070312,86.79000091552734,87.69999694824219,86.87000274658203,2481000.0,82.210693359375
2016-06-08,87.2300033569336,86.30999755859375,86.5999984741211,87.22000122070312,1797300.0,83.04859924316406
2016-06-09,87.66000366210938,86.87999725341797,87.02999877929688,87.62999725341797,1517700.0,83.43899536132812
2016-06-10,87.30999755859375,86.5199966430664,86.55000305175781,87.08999633789062,1635700.0,82.9248046875
2016-06-13,87.66999816894531,86.91000366210938,87.0199966430664,87.16000366210938,3191400.0,82.9914779663086
2016-06-14,87.58000183105469,86.97000122070312,86.97000122070312,87.48999786376953,2348500.0,83.3056869506836
2016-06-15,88.01000213623047,87.2300033569336,87.52999877929688,87.61000061035156,2080500.0,83.41995239257812
2016-06-16,88.19000244140625,86.91999816894531,87.20999908447266,88.02999877929688,1469400.0,83.81985473632812
2016-06-17,88.1500015258789,86.93000030517578,88.08999633789062,87.61000061035156,2708700.0,83.41995239257812
2016-06-20,89.45999908447266,88.55999755859375,88.66999816894531,89.04000091552734,2061700.0,84.78156280517578
2016-06-21,89.5199966430664,88.91999816894531,89.30000305175781,89.33999633789062,1725600.0,85.06720733642578
2016-06-22,89.76000213623047,88.73999786376953,89.66000366210938,88.81999969482422,1504400.0,84.57208251953125
2016-06-23,89.94000244140625,89.12000274658203,89.73999786376953,89.94000244140625,1363900.0,85.63851165771484
2016-06-24,88.4800033569336,86.04000091552734,86.2300033569336,86.72000122070312,4044500.0,82.572509765625
2016-06-27,86.4000015258789,85.2300033569336,85.94000244140625,85.66000366210938,2606400.0,81.56320190429688
2016-06-28,87.94000244140625,85.94999694824219,86.30999755859375,87.91999816894531,2531100.0,83.71511840820312
2016-06-29,89.33999633789062,88.27999877929688,88.47000122070312,89.12999725341797,2274300.0,84.86724853515625
2016-06-30,91.87000274658203,88.7300033569336,89.37000274658203,91.87000274658203,2944800.0,87.47621154785156
2016-07-01,92.97000122070312,91.79000091552734,92.0,92.75,2456800.0,88.31411743164062
2016-07-05,93.6500015258789,92.33000183105469,92.52999877929688,93.30999755859375,2940500.0,88.84733581542969
2016-07-06,93.62999725341797,92.68000030517578,93.43000030517578,93.41999816894531,2298900.0,88.95206451416016
2016-07-07,93.68000030517578,92.87000274658203,93.16999816894531,93.5,1734900.0,89.02825927734375
2016-07-08,94.58999633789062,93.63999938964844,94.12000274658203,94.47000122070312,2148200.0,89.95185852050781
2016-07-11,95.63999938964844,94.83999633789062,95.0,95.13999938964844,1822500.0,90.5898208618164
2016-07-12,95.7300033569336,94.75,95.58000183105469,94.80999755859375,2262800.0,90.27559661865234
2016-07-13,95.38999938964844,94.66999816894531,95.29000091552734,95.13999938964844,1365500.0,90.5898208618164
2016-07-14,95.77999877929688,95.01000213623047,95.75,95.20999908447266,1330500.0,90.6564712524414
2016-07-15,95.7699966430664,94.93000030517578,95.69999694824219,95.05999755859375,1355900.0,90.51362609863281
2016-07-18,95.37999725341797,94.80999755859375,95.29000091552734,94.93000030517578,879700.0,90.38986206054688
2016-07-19,95.05000305175781,94.66000366210938,94.8499984741211,95.0199966430664,925500.0,90.47555541992188
2016-07-20,95.63999938964844,95.04000091552734,95.55999755859375,95.38999938964844,1090100.0,90.8278579711914
2016-07-21,95.41999816894531,94.38999938964844,95.0999984741211,94.87999725341797,1262400.0,90.34225463867188
2016-07-22,95.69000244140625,94.75,95.51000213623047,95.44000244140625,1221100.0,90.8754653930664
2016-07-25,95.36000061035156,94.87000274658203,95.16000366210938,95.29000091552734,1247900.0,90.7326431274414
2016-07-26,96.0,95.08000183105469,95.55999755859375,95.72000122070312,1412400.0,91.14207458496094
2016-07-27,95.7300033569336,94.75,95.66000366210938,94.93000030517578,2046800.0,90.38986206054688
2016-07-28,93.0,91.37000274658203,93.0,91.7300033569336,3609200.0,87.3428955078125
2016-07-29,91.37999725341797,88.93000030517578,91.37999725341797,88.94999694824219,3899700.0,84.69585418701172
2016-08-01,89.70999908447266,87.8499984741211,88.05999755859375,88.66999816894531,3353700.0,84.42925262451172
2016-08-02,88.94000244140625,87.86000061035156,88.69999694824219,87.97000122070312,2384300.0,83.76272583007812
2016-08-03,88.30000305175781,87.55000305175781,88.23999786376953,88.19000244140625,2249100.0,83.97219848632812
2016-08-04,88.66000366210938,88.02999877929688,88.11000061035156,88.41000366210938,1483500.0,84.18169403076172
2016-08-05,89.72000122070312,88.54000091552734,89.0,89.66999816894531,1959300.0,85.38141632080078
2016-08-08,89.87999725341797,89.19000244140625,89.58999633789062,89.44000244140625,1831000.0,85.16243743896484
2016-08-09,90.33999633789062,89.44000244140625,89.44000244140625,89.97000122070312,1332600.0,85.66707611083984
2016-08-10,90.12000274658203,89.51000213623047,89.93000030517578,90.04000091552734,1102000.0,85.73371887207031
2016-08-11,90.6500015258789,90.01000213623047,90.08999633789062,90.4000015258789,1375600.0,86.07650756835938
2016-08-12,90.4000015258789,90.01000213623047,90.02999877929688,90.12999725341797,929700.0,85.81942749023438
2016-08-15,90.66000366210938,90.16000366210938,90.4800033569336,90.3499984741211,919300.0,86.02890014648438
2016-08-16,90.25,89.55000305175781,90.04000091552734,89.55999755859375,939800.0,85.27668762207031
2016-08-17,89.86000061035156,88.79000091552734,89.80000305175781,89.33000183105469,1773400.0,85.05768585205078
2016-08-18,89.9000015258789,89.38999938964844,89.56999969482422,89.83000183105469,1025400.0,85.53377532958984
2016-08-19,89.97000122070312,89.0999984741211,89.5199966430664,89.8499984741211,1436600.0,85.55280303955078
2016-08-22,90.0199966430664,89.54000091552734,89.81999969482422,89.91000366210938,1110300.0,85.6099624633789
2016-08-23,90.19000244140625,89.77999877929688,90.08000183105469,89.9800033569336,1181900.0,85.6766128540039
2016-08-24,89.91000366210938,89.54000091552734,89.80999755859375,89.68000030517578,1121700.0,85.39093780517578
2016-08-25,89.9800033569336,89.30000305175781,89.72000122070312,89.7699966430664,1049000.0,85.47663879394531
2016-08-26,90.5999984741211,89.31999969482422,89.95999908447266,89.79000091552734,1365800.0,85.49568939208984
2016-08-29,90.30000305175781,89.48999786376953,89.83999633789062,89.58999633789062,1099000.0,85.30524444580078
2016-08-30,90.05999755859375,89.5,89.80999755859375,89.79000091552734,1322400.0,85.49568939208984
2016-08-31,90.02999877929688,89.41000366210938,89.68000030517578,89.80999755859375,1300700.0,85.51473236083984
2016-09-01,90.62999725341797,89.66000366210938,90.0199966430664,90.62999725341797,1775600.0,86.2955093383789
2016-09-02,90.98999786376953,90.05999755859375,90.87999725341797,90.38999938964844,1737100.0,86.06698608398438
2016-09-06,90.13999938964844,89.44000244140625,89.72000122070312,89.86000061035156,1728800.0,85.56232452392578
2016-09-07,89.98999786376953,89.1500015258789,89.19999694824219,89.95999908447266,1228500.0,86.16576385498047
2016-09-08,90.06999969482422,89.33000183105469,89.70999908447266,89.47000122070312,1240300.0,85.6964340209961
2016-09-09,88.98999786376953,86.55000305175781,88.56999969482422,86.56999969482422,2013800.0,82.91874694824219
2016-09-12,88.23999786376953,86.33000183105469,86.45999908447266,88.13999938964844,1893700.0,84.42253112792969
2016-09-13,87.79000091552734,86.36000061035156,87.31999969482422,86.69000244140625,1939900.0,83.03367614746094
2016-09-14,87.23999786376953,86.44999694824219,86.86000061035156,86.69000244140625,1169800.0,83.03367614746094
2016-09-15,87.79000091552734,86.2300033569336,86.4800033569336,87.4800033569336,1452100.0,83.79036712646484
2016-09-16,87.18000030517578,86.20999908447266,87.1500015258789,86.75,2632000.0,83.09114837646484
2016-09-19,87.4000015258789,86.44999694824219,87.08999633789062,86.55999755859375,1690900.0,82.90916442871094
2016-09-20,88.08999633789062,86.93000030517578,87.12000274658203,87.79000091552734,1738700.0,84.0873031616211
2016-09-21,88.97000122070312,87.70999908447266,87.81999969482422,88.87999725341797,1797000.0,85.13131713867188
2016-09-22,89.80999755859375,89.16999816894531,89.52999877929688,89.45999908447266,1622500.0,85.68685150146484
2016-09-23,89.23999786376953,88.44999694824219,88.6500015258789,88.47000122070312,1432000.0,84.73861694335938
2016-09-26,88.44999694824219,87.86000061035156,87.91000366210938,88.19000244140625,1102300.0,84.47041320800781
2016-09-27,89.06999969482422,88.0999984741211,88.27999877929688,88.94999694824219,1269400.0,85.1983642578125
2016-09-28,89.08999633789062,87.11000061035156,89.08999633789062,87.44999694824219,2094500.0,83.76162719726562
2016-09-29,88.16999816894531,87.19999694824219,87.41000366210938,87.20999908447266,1629000.0,83.53174591064453
2016-09-30,88.48999786376953,87.16999816894531,87.38999938964844,88.19999694824219,2689800.0,84.47999572753906
2016-10-03,88.16000366210938,87.55000305175781,88.16000366210938,87.62999725341797,1364000.0,83.93403625488281
2016-10-04,87.98999786376953,86.94999694824219,87.81999969482422,87.16999816894531,1529800.0,83.49343872070312
2016-10-05,87.77999877929688,87.08000183105469,87.63999938964844,87.58000183105469,1315500.0,83.88614654541016
2016-10-06,87.69999694824219,86.77999877929688,87.25,87.55999755859375,1341100.0,83.86698913574219
2016-10-07,87.79000091552734,86.86000061035156,87.79000091552734,87.37000274658203,1580100.0,83.68500518798828
2016-10-10,88.2300033569336,87.62999725341797,87.73999786376953,87.7699966430664,1020000.0,84.06812286376953
2016-10-11,87.66999816894531,85.72000122070312,87.66999816894531,86.08999633789062,1963500.0,82.458984375
2016-10-12,87.12999725341797,86.06999969482422,86.27999877929688,86.87000274658203,1139000.0,83.20608520507812
2016-10-13,87.19000244140625,85.94999694824219,86.43000030517578,86.88999938964844,1367100.0,83.2252426147461
2016-10-14,88.05000305175781,86.91000366210938,87.31999969482422,87.55999755859375,1381300.0,83.86698913574219
2016-10-17,87.69999694824219,86.9800033569336,87.58000183105469,87.23999786376953,1235300.0,83.56047821044922
2016-10-18,88.37000274658203,87.31999969482422,88.12000274658203,87.37999725341797,1105600.0,83.69457244873047
2016-10-19,87.7300033569336,87.33999633789062,87.58000183105469,87.43000030517578,906400.0,83.74246215820312
2016-10-20,87.55999755859375,86.48999786376953,87.19999694824219,86.83999633789062,1419900.0,83.1773452758789
2016-10-21,86.81999969482422,85.4800033569336,86.48999786376953,86.72000122070312,1277700.0,83.06242370605469
2016-10-24,87.80999755859375,87.19000244140625,87.33999633789062,87.66999816894531,1025500.0,83.97235107421875
2016-10-25,87.75,87.19999694824219,87.55000305175781,87.5,1299200.0,83.80950927734375
2016-10-26,87.73999786376953,87.0199966430664,87.26000213623047,87.19000244140625,1331500.0,83.5125961303711
2016-10-27,87.43000030517578,86.62999725341797,87.36000061035156,86.66000366210938,1773700.0,83.00495147705078
2016-10-28,87.6500015258789,86.5999984741211,86.73999786376953,87.16000366210938,2129300.0,83.4838638305664
2016-10-31,87.70999908447266,86.9800033569336,87.56999969482422,87.05999755859375,2488100.0,83.3880844116211
2016-11-01,87.5,86.52999877929688,87.30000305175781,86.91999816894531,3065600.0,83.25398254394531
2016-11-02,90.88999938964844,88.0999984741211,88.0999984741211,89.9800033569336,5356600.0,86.18494415283203
2016-11-03,90.0,88.91000366210938,89.97000122070312,89.33000183105469,2514200.0,85.56233215332031
2016-11-04,89.75,88.02999877929688,88.02999877929688,89.08000183105469,2093200.0,85.3228759765625
2016-11-07,90.86000061035156,89.94000244140625,90.3499984741211,90.5999984741211,2244800.0,86.77877044677734
2016-11-08,91.5999984741211,90.55000305175781,90.75,91.1500015258789,1666500.0,87.30558013916016
2016-11-09,91.19999694824219,87.58000183105469,87.88999938964844,90.9000015258789,2861300.0,87.06610870361328
2016-11-10,91.88999938964844,90.12999725341797,91.44000244140625,91.38999938964844,2555400.0,87.53545379638672
2016-11-11,91.94999694824219,90.44999694824219,90.94000244140625,91.08000183105469,2097600.0,87.23853302001953
2016-11-14,92.36000061035156,90.9000015258789,91.4000015258789,91.88999938964844,2956200.0,88.01436614990234
2016-11-15,92.62000274658203,91.87999725341797,92.12999725341797,92.33999633789062,2034100.0,88.44538116455078
2016-11-16,93.3499984741211,91.5999984741211,92.33999633789062,93.2699966430664,1960900.0,89.33614349365234
2016-11-17,94.43000030517578,93.08999633789062,93.1500015258789,94.37999725341797,2031800.0,90.39935302734375
2016-11-18,94.5999984741211,93.94999694824219,94.30999755859375,94.38999938964844,1636600.0,90.408935546875
2016-11-21,95.62000274658203,94.37999725341797,94.47000122070312,95.58999633789062,2252000.0,91.55831146240234
2016-11-22,96.58999633789062,95.33999633789062,95.6500015258789,96.38999938964844,2433500.0,92.32456970214844
2016-11-23,97.43000030517578,96.47000122070312,96.58999633789062,96.6500015258789,2913000.0,92.5736083984375
2016-11-25,97.1500015258789,96.5,96.68000030517578,96.91999816894531,724400.0,92.83220672607422
2016-11-28,96.94000244140625,96.0,96.62999725341797,96.56999969482422,1968300.0,92.49697875976562
2016-11-29,97.37000274658203,96.43000030517578,96.70999908447266,97.04000091552734,1590600.0,92.94715118408203
2016-11-30,97.54000091552734,96.01000213623047,97.13999938964844,96.0199966430664,2812500.0,91.97017669677734
2016-12-01,96.19999694824219,95.19999694824219,95.98999786376953,95.7699966430664,2056600.0,91.730712890625
2016-12-02,96.0999984741211,94.98999786376953,95.45999908447266,95.23999786376953,1711200.0,91.22306823730469
2016-12-05,96.22000122070312,95.44999694824219,95.86000061035156,96.05000305175781,2485700.0,91.99891662597656
2016-12-06,96.44999694824219,95.1500015258789,96.1500015258789,96.0,1817800.0,91.95101928710938
2016-12-07,97.72000122070312,95.33000183105469,95.33000183105469,97.56999969482422,2245300.0,94.01300048828125
2016-12-08,98.36000061035156,97.36000061035156,97.52999877929688,98.19000244140625,2075600.0,94.61038970947266
2016-12-09,98.30000305175781,97.56999969482422,98.06999969482422,98.22000122070312,3350600.0,94.63931274414062
2016-12-12,98.55000305175781,97.83999633789062,98.12999725341797,98.05999755859375,1769800.0,94.48513793945312
2016-12-13,99.25,98.04000091552734,98.63999938964844,98.4000015258789,2093800.0,94.812744140625
2016-12-14,98.8499984741211,97.5199966430664,98.4000015258789,97.69000244140625,1896900.0,94.12862396240234
2016-12-15,99.12999725341797,97.51000213623047,97.81999969482422,98.76000213623047,1718000.0,95.15961456298828
2016-12-16,101.58000183105469,99.33999633789062,100.31999969482422,100.8499984741211,5661500.0,97.17342376708984
2016-12-19,101.5999984741211,100.58000183105469,100.72000122070312,101.08999633789062,1993200.0,97.40467071533203
2016-12-20,102.66000366210938,101.4000015258789,101.73999786376953,102.33000183105469,2396900.0,98.59947204589844
2016-12-21,102.81999969482422,101.69000244140625,102.26000213623047,102.47000122070312,2042900.0,98.734375
2016-12-22,102.80999755859375,101.88999938964844,102.63999938964844,102.5999984741211,1567900.0,98.859619140625
2016-12-23,102.95999908447266,102.51000213623047,102.5199966430664,102.93000030517578,778000.0,99.17759704589844
2016-12-27,103.77999877929688,102.77999877929688,102.86000061035156,103.30999755859375,930000.0,99.54374694824219
2016-12-28,103.87999725341797,103.0199966430664,103.52999877929688,103.05000305175781,1559100.0,99.2932357788086
2016-12-29,103.8499984741211,103.0,103.2699966430664,103.44999694824219,1264500.0,99.67863464355469
2016-12-30,103.44000244140625,102.0,103.37999725341797,102.77999877929688,2008400.0,99.03306579589844
